* LIGAND DATABASE FILE (OPLS2005)
*
AIN      20    20     31     46      86
    1     0 M   CA   _C4_     5   32.880221   93.973502    1.590829
    2     1 M   CA   _C3_     4    1.405750  129.727183  -96.314353
    3     2 M   CA   _C2_     9    1.513570  118.498814  -87.213880
    4     1 M   CA   _C5_     6    1.393100   66.642022  153.765681
    5     1 M   HA   _H4_    14    1.079340   76.187045   21.378729
    6     4 M   CA   _C6_     7    1.382940  121.174590  125.868430
    7     4 M   HA   _H5_    15    1.079910  120.009050  -54.165500
    8     6 M   CA   _C1_     8    1.376150  121.924970    0.492970
    9     6 M   HA   _H6_    16    1.079870  120.002670 -179.526050
   10     8 M   HA   _H1_    17    1.080450  119.998430  179.104960
   11     2 S   CO3  _C7_     2    1.498230  120.243810   99.640252
   12    11 S   O2Z  _O1_     1    1.325940  121.151510   -6.719070
   13    11 S   O2Z  _O2_     3    1.218480  122.740341  178.977019
   14     3 S   OS   _O3_    10    1.379260  116.460230 -178.335968
   15    14 S   CO4  _C8_    11    1.476230  129.359200  -96.899770
   16    15 S   O    _O4_    12    1.224130  117.672530 -156.159880
   17    15 S   CT   _C9_    13    1.506340  123.226200   23.714130
   18    17 S   HC   _H91    18    1.090060  109.457350 -179.980220
   19    17 S   HC   _H92    19    1.089160  109.450680  -60.016070
   20    17 S   HC   _H93    20    1.090080  109.474400   59.999500
  12  12  13   7   3   5   2   5   1   1   3   1   1   6   5   4   3
   2   1   1
    12    11    13     2     4     6     8     3    14     5     7     9
    12    11    13     4     6     8     3    14    15     5     7    10
    12    11    13     5     4     6     9     8    10    14    15    16    17
    11     5     6     8     7     9    10
    11     7     6
     7     8    14     9    10
     9     8
    11     9    14    15    10
    10
    14
    12    13    14
    13
     0
    15    16    17    18    19    20
    16    17    18    19    20
    17    18    19    20
    18    19    20
    19    20
    20
     0
NBON
     1   3.5500   0.0700  -0.115000   2.0020   1.7750   0.001000000  -0.843144165
     2   3.5500   0.0700  -0.115000   2.5000   1.7750   0.001000000  -0.843144165
     3   3.5500   0.0700   0.135000   2.5000   1.7750   0.001000000  -0.843144165
     4   3.5500   0.0700  -0.115000   2.0020   1.7750   0.001000000  -0.843144165
     5   2.4200   0.0300   0.115000   1.3810   1.2100   0.030040813   0.268726247
     6   3.5500   0.0700  -0.115000   2.0020   1.7750   0.001000000  -0.843144165
     7   2.4200   0.0300   0.115000   1.3810   1.2100   0.030040813   0.268726247
     8   3.5500   0.0700  -0.115000   2.0020   1.7750   0.001000000  -0.843144165
     9   2.4200   0.0300   0.115000   1.3810   1.2100   0.030040813   0.268726247
    10   2.4200   0.0300   0.115000   1.3810   1.2100   0.030040813   0.268726247
    11   3.7500   0.1050   0.715000   2.1120   1.8750   0.001000000  -0.126889456
    12   2.9600   0.2100  -0.800000   1.7000   1.5000   0.001000000  -0.126889456
    13   2.9600   0.2100  -0.800000   1.7000   1.5000   0.001000000  -0.126889456
    14   3.0000   0.1700  -0.215000   1.7660   1.5600   0.020110767  -0.896042159
    15   3.7500   0.1050   0.510000   2.1120   1.8750   0.001000000  -0.126889456
    16   2.9600   0.2100  -0.430000   1.6780   1.4800   0.001000000  -0.126889456
    17   3.5000   0.0660  -0.180000   1.9750   1.7500   0.005000000  -0.741685710
    18   2.4200   0.0150   0.060000   1.3810   1.2100   0.008598240   0.268726247
    19   2.4200   0.0150   0.060000   1.3810   1.2100   0.008598240   0.268726247
    20   2.4200   0.0150   0.060000   1.3810   1.2100   0.008598240   0.268726247
BOND
    12    11   656.000  1.250
    11    13   656.000  1.250
    11     2   400.000  1.490
     2     1   469.000  1.400
     2     3   469.000  1.400
     1     4   469.000  1.400
     1     5   367.000  1.080
     4     6   469.000  1.400
     4     7   367.000  1.080
     6     8   469.000  1.400
     6     9   367.000  1.080
     8     3   469.000  1.400
     8    10   367.000  1.080
     3    14   450.000  1.364
    14    15   214.000  1.327
    15    16   570.000  1.229
    15    17   317.000  1.522
    17    18   340.000  1.090
    17    19   340.000  1.090
    17    20   340.000  1.090
THET
    12    11    13    80.00000  126.00000
    12    11     2    80.00000  120.40000
    11     2     1    85.00000  120.00000
    11     2     3    85.00000  120.00000
     2    11    13    80.00000  120.40000
     2     1     4    63.00000  120.00000
     2     1     5    35.00000  120.00000
     2     3     8    63.00000  120.00000
     2     3    14    70.00000  120.00000
     1     4     6    63.00000  120.00000
     1     4     7    35.00000  120.00000
     4     6     8    63.00000  120.00000
     4     6     9    35.00000  120.00000
     6     8     3    63.00000  120.00000
     6     8    10    35.00000  120.00000
     8     3    14    70.00000  120.00000
     3     2     1    63.00000  120.00000
     3    14    15    85.00000  115.98000
    14    15    16    83.00000  123.40000
    14    15    17    81.00000  111.40000
    15    17    18    35.00000  109.50000
    15    17    19    35.00000  109.50000
    15    17    20    35.00000  109.50000
    17    15    16    80.00000  120.40000
     5     1     4    35.00000  120.00000
     7     4     6    35.00000  120.00000
     9     6     8    35.00000  120.00000
    10     8     3    35.00000  120.00000
    19    17    18    33.00000  107.80000
    20    17    18    33.00000  107.80000
    20    17    19    33.00000  107.80000
PHI
    12    11     2     1   1.05000 -1.0 2.0
    12    11     2     3   1.05000 -1.0 2.0
    11     2     1     4   3.62500 -1.0 2.0
    11     2     1     5   3.62500 -1.0 2.0
    11     2     3     8   3.62500 -1.0 2.0
    11     2     3    14   3.62500 -1.0 2.0
    13    11     2     1   1.05000 -1.0 2.0
    13    11     2     3   1.05000 -1.0 2.0
     2     1     4     6   3.62500 -1.0 2.0
     2     1     4     7   3.62500 -1.0 2.0
     2     3    14    15   0.01300  1.0 1.0
     2     3    14    15   0.97950 -1.0 2.0
     2     3    14    15  -0.55700  1.0 3.0
     1     2     3     8   3.62500 -1.0 2.0
     1     2     3    14   3.62500 -1.0 2.0
     1     4    -6     8   3.62500 -1.0 2.0
     1     4     6     9   3.62500 -1.0 2.0
     4     6     8     3   3.62500 -1.0 2.0
     4     6     8    10   3.62500 -1.0 2.0
     6     8    -3     2   3.62500 -1.0 2.0
     6     8     3    14   3.62500 -1.0 2.0
     8     3    14    15   0.01300  1.0 1.0
     8     3    14    15   0.97950 -1.0 2.0
     8     3    14    15  -0.55700  1.0 3.0
     3     2    -1     4   3.62500 -1.0 2.0
     3     2     1     5   3.62500 -1.0 2.0
     3    14    15    16   3.00000 -1.0 2.0
     3    14    15    17   0.75600  1.0 1.0
     3    14    15    17   1.63000 -1.0 2.0
    14    15    17    18   0.00000  1.0 1.0
    14    15    17    19   0.00000  1.0 1.0
    14    15    17    20   0.00000  1.0 1.0
    16    15    17    18   0.00000  1.0 1.0
    16    15    17    19   0.00000  1.0 1.0
    16    15    17    20   0.00000  1.0 1.0
     5     1     4     6   3.62500 -1.0 2.0
     5     1     4     7   3.62500 -1.0 2.0
     7     4     6     8   3.62500 -1.0 2.0
     7     4     6     9   3.62500 -1.0 2.0
     9     6     8     3   3.62500 -1.0 2.0
     9     6     8    10   3.62500 -1.0 2.0
    10     8     3     2   3.62500 -1.0 2.0
    10     8     3    14   3.62500 -1.0 2.0
IPHI
    13     2    11    12  10.50000 -1.0 2.0
     1     3     2    11   4.00000 -1.0 2.0
     4     5     1     2   1.10000 -1.0 2.0
     6     7     4     1   1.10000 -1.0 2.0
     8     9     6     4   1.10000 -1.0 2.0
     3    10     8     6   1.10000 -1.0 2.0
     8    14     3     2   4.00000 -1.0 2.0
    14    17    15    16  10.50000 -1.0 2.0
END