* LIGAND DATABASE FILE (OPLS2005)
*
LIG      16    15    22      27       0
    1     0 M    O   _O2_     6    5.026972   53.559919 -109.782396
    2     1 M  CO4   _C4_     6    1.234955   67.968726   -6.993543
    3     2 S   OS   _O1_     6    1.359519  125.709884  179.023868
    4     3 S   CM   _C5_     6    1.356343  120.821563   -0.458885
    5     4 S   CM   _C6_     6    1.341189  122.763446  172.868043
    6     4 S   HC   _H6_     6    1.086255  115.478513   -7.298551
    7     5 S   HC   _H7_     6    1.079601  121.284895  179.989284
    8     5 S   HC   _H8_     6    1.079312  120.729838   -0.137909
    9     2 S   CM   _C2_     6    1.452341  123.174002   -1.308408
   10     9 S   CM   _C1_     6    1.347699  122.922859   -2.255465
   11     9 S   HC   _H2_     6    1.079772  115.581146  177.765138
   12    10 S   CT   _C3_     6    1.514365  124.126558 -179.946224
   13    10 S   HC   _H1_     6    1.085019  120.030521   -0.086133
   14    12 S   HC   _H3_     6    1.091140  111.810488    0.364894
   15    12 S   HC   _H4_     6    1.090183  110.134723  120.638000
   16    12 S   HC   _H5_     6    1.090513  110.048531 -119.893536
NBON
     1   2.9600   0.2100  -0.522160   1.6780   1.4800   0.001000000  -0.126889456
     2   3.7500   0.1050   0.724730   2.1120   1.8750   0.001000000  -0.126889456
     3   2.8500   0.1400  -0.249980   1.5900   1.4000   0.020110767  -0.896042159
     4   3.5500   0.0760   0.140730   2.0020   1.7750   0.023028004  -0.852763146
     5   3.5500   0.0760  -0.554600   2.0020   1.7750   0.023028004  -0.852763146
     6   2.4200   0.0300   0.103840   1.4250   1.2500   0.008598240   0.268726247
     7   2.4200   0.0300   0.208900   1.4250   1.2500   0.008598240   0.268726247
     8   2.4200   0.0300   0.215740   1.4250   1.2500   0.008598240   0.268726247
     9   3.5500   0.0760  -0.521070   2.0020   1.7750   0.023028004  -0.852763146
    10   3.5500   0.0760   0.174700   2.0020   1.7750   0.023028004  -0.852763146
    11   2.4200   0.0300   0.183760   1.4250   1.2500   0.008598240   0.268726247
    12   3.5000   0.0660  -0.248170   1.9750   1.7500   0.005000000  -0.741685710
    13   2.4200   0.0300   0.078970   1.4250   1.2500   0.008598240   0.268726247
    14   2.5000   0.0300   0.094310   1.4250   1.2500   0.008598240   0.268726247
    15   2.5000   0.0300   0.085090   1.4250   1.2500   0.008598240   0.268726247
    16   2.5000   0.0300   0.085200   1.4250   1.2500   0.008598240   0.268726247
BOND
     3     2   214.000  1.327
     3     4   440.000  1.360
     1     2   570.000  1.229
    10     9   549.000  1.340
    10    12   317.000  1.510
    10    13   340.000  1.080
     9     2   320.000  1.462
     9    11   340.000  1.080
    12    14   340.000  1.090
    12    15   340.000  1.090
    12    16   340.000  1.090
     4     5   549.000  1.340
     4     6   340.000  1.080
     5     7   340.000  1.080
     5     8   340.000  1.080
THET
     2     3     4    90.00000  114.22900
     9    10    12    70.00000  124.00000
     9    10    13    35.00000  120.00000
    12    10    13    35.00000  117.00000
    10     9     2    65.00000  118.96000
    10     9    11    35.00000  120.00000
     2     9    11    40.00000  117.72500
    10    12    14    35.00000  109.50000
    10    12    15    35.00000  109.50000
    10    12    16    35.00000  109.50000
    14    12    15    33.00000  107.80000
    14    12    16    33.00000  107.80000
    15    12    16    33.00000  107.80000
     3     2     1    83.00000  123.40000
     3     2     9    90.00000  111.29400
     1     2     9    80.00000  123.72100
     3     4     5    80.00000  120.01400
     3     4     6    55.00000  109.52600
     5     4     6    35.00000  120.00000
     4     5     7    35.00000  120.00000
     4     5     8    35.00000  120.00000
     7     5     8    35.00000  117.00000
PHI
    4     3     2     1   0.00000  1.0 1.0
    4     3     2     1   3.00000 -1.0 2.0
    4     3     2     1   0.00000  1.0 3.0
    4     3     2     1   0.00000 -1.0 4.0
    4     3     2     9   0.00000  1.0 1.0
    4     3     2     9   2.00000 -1.0 2.0
    4     3     2     9   0.00000  1.0 3.0
    4     3     2     9   0.00000 -1.0 4.0
    2     3     4     5  -1.93650  1.0 1.0
    2     3     4     5   2.17750 -1.0 2.0
    2     3     4     5  -0.40250  1.0 3.0
    2     3     4     5   0.00000 -1.0 4.0
    2     3     4     6   0.00000  1.0 1.0
    2     3     4     6   0.50000 -1.0 2.0
    2     3     4     6   0.00000  1.0 3.0
    2     3     4     6   0.00000 -1.0 4.0
   12    10     9     2   0.00000  1.0 1.0
   12    10     9     2   7.00000 -1.0 2.0
   12    10     9     2   0.00000  1.0 3.0
   12    10     9     2   0.00000 -1.0 4.0
   12    10     9    11   0.00000  1.0 1.0
   12    10     9    11   7.00000 -1.0 2.0
   12    10     9    11   0.00000  1.0 3.0
   12    10     9    11   0.00000 -1.0 4.0
   13    10     9     2   0.00000  1.0 1.0
   13    10     9     2   7.00000 -1.0 2.0
   13    10     9     2   0.00000  1.0 3.0
   13    10     9     2   0.00000 -1.0 4.0
   13    10     9    11   0.00000  1.0 1.0
   13    10     9    11   7.00000 -1.0 2.0
   13    10     9    11   0.00000  1.0 3.0
   13    10     9    11   0.00000 -1.0 4.0
    9    10    12    14   0.00000  1.0 1.0
    9    10    12    15   0.00000  1.0 1.0
    9    10    12    16   0.00000  1.0 1.0
   13    10    12    14   0.00000  1.0 1.0
   13    10    12    14   0.00000 -1.0 2.0
   13    10    12    14   0.33100  1.0 3.0
   13    10    12    14   0.00000 -1.0 4.0
   13    10    12    15   0.00000  1.0 1.0
   13    10    12    15   0.00000 -1.0 2.0
   13    10    12    15   0.33100  1.0 3.0
   13    10    12    15   0.00000 -1.0 4.0
   13    10    12    16   0.00000  1.0 1.0
   13    10    12    16   0.00000 -1.0 2.0
   13    10    12    16   0.33100  1.0 3.0
   13    10    12    16   0.00000 -1.0 4.0
   10     9     2     3  -0.56150  1.0 1.0
   10     9     2     3   2.19150 -1.0 2.0
   10     9     2     3   0.00000  1.0 3.0
   10     9     2     3   0.00000 -1.0 4.0
   10     9     2     1   0.00000  1.0 1.0
   10     9     2     1   1.00000 -1.0 2.0
   10     9     2     1   0.00000  1.0 3.0
   10     9     2     1   0.00000 -1.0 4.0
   11     9     2     3   0.00000  1.0 1.0
   11     9     2     3   1.63100 -1.0 2.0
   11     9     2     3   0.00000  1.0 3.0
   11     9     2     3   0.00000 -1.0 4.0
   11     9     2     1   0.00000  1.0 1.0
    3     4     5     7   0.00000  1.0 1.0
    3     4     5     7   7.00000 -1.0 2.0
    3     4     5     7   0.00000  1.0 3.0
    3     4     5     7   0.00000 -1.0 4.0
    3     4     5     8   0.00000  1.0 1.0
    3     4     5     8   7.00000 -1.0 2.0
    3     4     5     8   0.00000  1.0 3.0
    3     4     5     8   0.00000 -1.0 4.0
    6     4     5     7   0.00000  1.0 1.0
    6     4     5     7   7.00000 -1.0 2.0
    6     4     5     7   0.00000  1.0 3.0
    6     4     5     7   0.00000 -1.0 4.0
    6     4     5     8   0.00000  1.0 1.0
    6     4     5     8   7.00000 -1.0 2.0
    6     4     5     8   0.00000  1.0 3.0
    6     4     5     8   0.00000 -1.0 4.0
IPHI
    12    13    10     9  15.00000 -1.0 2.0
     2    11     9    10  15.00000 -1.0 2.0
     3     9     2     1  10.50000 -1.0 2.0
     3     6     4     5  15.00000 -1.0 2.0
     7     8     5     4  15.00000 -1.0 2.0
END