* LIGAND DATABASE FILE (OPLS2005)
*
JNJ      67    72   123     201       0
    1     0 M   NB   _N3_     6    1.524389  149.027337  -78.488474
    2     1 M   CA   _C10     6    1.356054  119.913359  150.307727
    3     1 M   CA   _C14     6    1.359216    9.042636 -130.601270
    4     2 M   CA   _C11     6    1.395446  122.939191    9.820135
    5     2 M   HA   _H8_     6    1.080131  116.432555 -170.166221
    6     4 M   CA   _C12     6    1.402230  119.082225   -0.207763
    7     4 M   HA   _H9_     6    1.080500  119.812885  179.958069
    8     6 M   CA   _C13     6    1.402179  118.425416    0.108786
    9     8 M   HA   _H10     6    1.081174  120.692152 -179.882505
   10     6 S  CRA   _C9_     6    1.495009  120.693514 -179.960032
   11    10 S   OA   _O2_     6    1.370021  118.104283  177.324156
   12    10 S  N5B   _N2_     6    1.319648  126.754510   -2.736314
   13    12 S C56B   _C7_     6    1.366586  103.897665 -179.571852
   14    11 S C56A   _C8_     6    1.359973  103.779159  179.776013
   15    13 S   CA   _C2_     6    1.402588  131.100097  179.764516
   16    14 S   CA   _C3_     6    1.396412  128.832115  179.722437
   17    15 S   CA   _C1_     6    1.410310  118.251953 -179.816464
   18    15 S   HA   _H1_     6    1.078700  119.447374    0.930853
   19    16 S   CA   _C4_     6    1.396997  116.303004  179.929698
   20    16 S   HA   _H2_     6    1.080122  121.863894   -0.122941
   21    17 S    N   _N1_     6    1.407885  123.759453 -179.532050
   22    19 S   HA   _H3_     6    1.081219  118.165161  179.925133
   23    21 S    H   _H4_     6    1.009379  114.508873  164.588143
   24    21 S    C   _C5_     6    1.350284  129.051095  -19.761389
   25    24 S    O   _O1_     6    1.230572  125.513539   -2.263444
   26    24 S   CT   _C6_     6    1.525815  115.675917  179.085946
   27    26 S   HC   _H5_     6    1.090831  111.831551    0.125755
   28    26 S   HC   _H6_     6    1.090156  110.052051 -120.189527
   29    26 S   HC   _H7_     6    1.090216  110.130244  120.516587
   30     3 S    C   _C15     6    1.501873  116.623155   73.543566
   31    30 S    O   _O3_     6    1.232729  117.974429  -89.036459
   32    30 S    N   _N4_     6    1.362430  118.322505   91.094755
   33    32 S   CT   _C17     6    1.475720  123.589089   -0.019193
   34    32 S   CT   _C18     6    1.473818  120.202472 -179.888544
   35    33 S   CT   _C16     6    1.545321  108.915360 -127.452633
   36    33 S   HC   _H13     6    1.090539  109.112896  113.342679
   37    33 S   HC   _H14     6    1.089385  113.727970   -6.436963
   38    34 S   CT   _C19     6    1.545414  108.879332  127.173385
   39    34 S   HC   _H15     6    1.090683  109.355371 -113.356800
   40    34 S   HC   _H16     6    1.090751  112.994962    6.203583
   41    35 S   NT   _N5_     6    1.473183  112.757549  -53.351687
   42    35 S   HC   _H11     6    1.092027  108.380020   66.200658
   43    35 S   HC   _H12     6    1.089862  107.585510 -176.158777
   44    38 S   HC   _H17     6    1.089067  107.564760  177.330535
   45    38 S   HC   _H18     6    1.091962  108.412432  -65.433456
   46    41 S   CT   _C20     6    1.484894  111.947416 -176.897808
   47    46 S   HC   _H19     6    1.092708  104.596816  -61.835015
   48    46 S   CA   _C24     6    1.538667  113.824679 -177.654037
   49    46 S  CRB   _C27     6    1.529889  112.289021   57.603403
   50    48 S   CA   _C23     6    1.398578  119.078947  137.862934
   51    48 S   CA   _C25     6    1.401890  121.323821  -43.763690
   52    49 S  N5B   _N6_     6    1.326376  123.451273   63.434281
   53    49 S  N5A   _N9_     6    1.316774  121.857460 -115.193196
   54    50 S   CA   _C22     6    1.392405  120.217259  179.139798
   55    50 S   HA   _H22     6    1.080418  120.371519   -0.832015
   56    51 S   CA   _C26     6    1.392077  120.196449 -179.133403
   57    51 S   HA   _H23     6    1.080454  120.335627    0.714704
   58    52 S  N5A   _N7_     6    1.379010  105.588872 -179.219111
   59    53 S   NA   _N8_     6    1.336675  101.150455  178.482695
   60    54 S   CA   _C21     6    1.392840  119.715282   -0.289702
   61    54 S   HA   _H21     6    1.080051  120.142373  179.857614
   62    56 S   HA   _H24     6    1.080135  120.136912 -179.847970
   63    59 S   CT   _C28     6    1.452419  122.435029  176.938815
   64    60 S   HA   _H20     6    1.080183  119.685467 -179.904879
   65    63 S   HC   _H25     6    1.090959  110.040668  -30.138559
   66    63 S   HC   _H26     6    1.091140  110.162539 -150.466934
   67    63 S   HC   _H27     6    1.090264  109.048601   89.760186
NBON
     1   3.2500   0.1700  -0.623630   1.8100   1.6000   0.054801302  -1.445846770
     2   3.5500   0.0700   0.363680   2.5000   1.7750   0.001000000  -0.843144165
     3   3.5500   0.0700   0.593330   2.5000   1.7750   0.001000000  -0.843144165
     4   3.5500   0.0700  -0.395720   2.5000   1.7750   0.001000000  -0.843144165
     5   2.4200   0.0300   0.056340   1.3810   1.2100   0.030040813   0.268726247
     6   3.5500   0.0700   0.271440   2.5000   1.7750   0.001000000  -0.843144165
     7   2.4200   0.0300   0.156610   1.3810   1.2100   0.030040813   0.268726247
     8   3.5500   0.0700  -0.507000   2.5000   1.7750   0.001000000  -0.843144165
     9   2.4200   0.0300   0.159160   1.3810   1.2100   0.030040813   0.268726247
    10   3.5500   0.0700   0.405620   2.5000   1.7750   0.001000000  -0.843144165
    11   3.0000   0.1700  -0.225910   1.5900   1.4000   0.020110767  -0.896042159
    12   3.2800   0.1700  -0.550970   1.8100   1.6000   0.054801302  -1.445846770
    13   3.5500   0.0700   0.432700   2.5000   1.7750   0.001000000  -0.843144165
    14   3.5500   0.0700   0.097390   2.5000   1.7750   0.001000000  -0.843144165
    15   3.5500   0.0700  -0.450570   2.5000   1.7750   0.001000000  -0.843144165
    16   3.5500   0.0700  -0.182200   2.5000   1.7750   0.001000000  -0.843144165
    17   3.5500   0.0700   0.360470   2.5000   1.7750   0.001000000  -0.843144165
    18   2.4200   0.0300   0.236600   1.3810   1.2100   0.030040813   0.268726247
    19   3.5500   0.0700  -0.337570   2.5000   1.7750   0.001000000  -0.843144165
    20   2.4200   0.0300   0.179190   1.3810   1.2100   0.030040813   0.268726247
    21   3.2500   0.1700  -0.559960   1.8100   1.6000   0.054801302  -1.445846770
    22   2.4200   0.0300   0.179630   1.3810   1.2100   0.030040813   0.268726247
    23   0.5000   0.0300   0.315630   1.5900   1.4000   0.030040813  -0.651083722
    24   3.7500   0.1050   0.746360   2.1120   1.8750   0.001000000  -0.126889456
    25   2.9600   0.2100  -0.536460   1.8100   1.6000   0.001000000  -1.480495490
    26   3.5000   0.0660  -0.655500   1.9750   1.7500   0.005000000  -0.741685710
    27   2.5000   0.0300   0.146840   1.4250   1.2500   0.008598240   0.268726247
    28   2.5000   0.0300   0.192610   1.4250   1.2500   0.008598240   0.268726247
    29   2.5000   0.0300   0.194660   1.4250   1.2500   0.008598240   0.268726247
    30   3.7500   0.1050   0.338590   2.1120   1.8750   0.001000000  -0.126889456
    31   2.9600   0.2100  -0.494630   1.8100   1.6000   0.001000000  -1.480495490
    32   3.2500   0.1700  -0.040660   1.8100   1.6000   0.054801302  -1.445846770
    33   3.5000   0.0660  -0.322310   1.9750   1.7500   0.005000000  -0.741685710
    34   3.5000   0.0660  -0.180540   1.9750   1.7500   0.005000000  -0.741685710
    35   3.5000   0.0660   0.166710   1.9750   1.7500   0.005000000  -0.741685710
    36   2.5000   0.0300   0.130030   1.4250   1.2500   0.008598240   0.268726247
    37   2.5000   0.0300   0.122060   1.4250   1.2500   0.008598240   0.268726247
    38   3.5000   0.0660   0.213190   1.9750   1.7500   0.005000000  -0.741685710
    39   2.5000   0.0300   0.101620   1.4250   1.2500   0.008598240   0.268726247
    40   2.5000   0.0300   0.118260   1.4250   1.2500   0.008598240   0.268726247
    41   3.3000   0.1700  -0.261230   1.8650   1.6500   0.051222218  -2.220205820
    42   2.5000   0.0150   0.013320   1.4250   1.2500   0.008598240   0.268726247
    43   2.5000   0.0150   0.089140   1.4250   1.2500   0.008598240   0.268726247
    44   2.5000   0.0150   0.054860   1.4250   1.2500   0.008598240   0.268726247
    45   2.5000   0.0150   0.022810   1.4250   1.2500   0.008598240   0.268726247
    46   3.5000   0.0660  -1.150270   1.9750   1.7500   0.005000000  -0.741685710
    47   2.5000   0.0150   0.358300   1.4250   1.2500   0.008598240   0.268726247
    48   3.5500   0.0700   0.343760   2.5000   1.7750   0.001000000  -0.843144165
    49   3.5500   0.0700   1.067300   2.0020   1.7750   0.001000000  -0.843144165
    50   3.5500   0.0700  -0.141410   2.5000   1.7750   0.001000000  -0.843144165
    51   3.5500   0.0700  -0.155330   2.5000   1.7750   0.001000000  -0.843144165
    52   3.2800   0.1700  -0.356430   1.8100   1.6000   0.054801302  -1.445846770
    53   3.2800   0.1700  -0.668500   1.8100   1.6000   0.054801302  -1.445846770
    54   3.5500   0.0700  -0.156980   2.5000   1.7750   0.001000000  -0.843144165
    55   2.4200   0.0300   0.119140   1.3810   1.2100   0.030040813   0.268726247
    56   3.5500   0.0700  -0.106130   2.5000   1.7750   0.001000000  -0.843144165
    57   2.4200   0.0300   0.127700   1.3810   1.2100   0.030040813   0.268726247
    58   3.2800   0.1700  -0.302540   1.8100   1.6000   0.054801302  -1.445846770
    59   3.2500   0.1700   0.572800   1.8650   1.6500   0.001000000  -0.511443539
    60   3.5500   0.0700  -0.128880   2.5000   1.7750   0.001000000  -0.843144165
    61   2.4200   0.0300   0.133210   1.3810   1.2100   0.030040813   0.268726247
    62   2.4200   0.0300   0.121440   1.3810   1.2100   0.030040813   0.268726247
    63   3.5000   0.0660  -0.445440   1.9750   1.7500   0.005000000  -0.741685710
    64   2.4200   0.0300   0.118900   1.3810   1.2100   0.030040813   0.268726247
    65   2.5000   0.0300   0.193930   1.4250   1.2500   0.008598240   0.268726247
    66   2.5000   0.0300   0.160980   1.4250   1.2500   0.008598240   0.268726247
    67   2.5000   0.0300   0.160520   1.4250   1.2500   0.008598240   0.268726247
BOND
    17    15   469.000  1.400
    17    19   469.000  1.400
    17    21   360.000  1.404
    15    18   367.000  1.080
    15    13   469.000  1.404
    16    19   469.000  1.400
    16    20   367.000  1.080
    16    14   469.000  1.400
    19    22   367.000  1.080
    21    23   434.000  1.010
    21    24   490.000  1.335
    24    25   570.000  1.229
    24    26   317.000  1.522
    26    27   340.000  1.090
    26    28   340.000  1.090
    26    29   340.000  1.090
    13    14   447.000  1.419
    13    12   425.000  1.391
    14    11   425.000  1.380
    11    10   462.000  1.357
    10    12   488.000  1.335
    10     6   345.000  1.448
     1     2   483.000  1.339
     1     3   483.000  1.339
     2     4   469.000  1.400
     2     5   367.000  1.080
     4     6   469.000  1.400
     4     7   367.000  1.080
     6     8   469.000  1.400
     8     3   469.000  1.400
     8     9   367.000  1.080
     3    30   400.000  1.490
    30    31   570.000  1.229
    30    32   490.000  1.335
    35    33   268.000  1.529
    35    41   382.000  1.448
    35    42   340.000  1.090
    35    43   340.000  1.090
    33    32   337.000  1.449
    33    36   340.000  1.090
    33    37   340.000  1.090
    32    34   337.000  1.449
    34    38   268.000  1.529
    34    39   340.000  1.090
    34    40   340.000  1.090
    38    41   382.000  1.448
    38    44   340.000  1.090
    38    45   340.000  1.090
    41    46   382.000  1.448
    46    47   340.000  1.090
    46    48   317.000  1.510
    46    49   300.000  1.487
    60    54   469.000  1.400
    60    56   469.000  1.400
    60    64   367.000  1.080
    54    50   469.000  1.400
    54    61   367.000  1.080
    50    48   469.000  1.400
    50    55   367.000  1.080
    48    51   469.000  1.400
    51    56   469.000  1.400
    51    57   367.000  1.080
    56    62   367.000  1.080
    49    52   470.000  1.361
    49    53   550.000  1.323
    52    58   420.000  1.291
    58    59   400.000  1.349
    59    53   400.000  1.349
    59    63   320.000  1.443
    63    65   340.000  1.090
    63    66   340.000  1.090
    63    67   340.000  1.090
THET
    15    17    19    63.00000  120.00000
    15    17    21    70.00000  119.01900
    19    17    21    70.00000  119.01900
    17    15    18    35.00000  120.00000
    17    15    13    63.00000  120.00000
    18    15    13    35.00000  120.00000
    19    16    20    35.00000  120.00000
    19    16    14    85.00000  120.00000
    20    16    14    35.00000  120.00000
    17    19    16    63.00000  120.00000
    17    19    22    35.00000  120.00000
    16    19    22    35.00000  120.00000
    17    21    23    45.00000  118.23600
    17    21    24    65.00000  121.96500
    23    21    24    35.00000  119.80000
    21    24    25    80.00000  122.90000
    21    24    26    70.00000  116.60000
    25    24    26    80.00000  120.40000
    24    26    27    35.00000  109.50000
    24    26    28    35.00000  109.50000
    24    26    29    35.00000  109.50000
    27    26    28    33.00000  107.80000
    27    26    29    33.00000  107.80000
    28    26    29    33.00000  107.80000
    15    13    14    85.00000  116.20000
    15    13    12    60.00000  127.02500
    14    13    12    80.00000  112.17400
    16    14    13    85.00000  122.70000
    16    14    11    70.00000  124.10000
    13    14    11   100.00000  108.43400
    14    11    10   120.00000  102.64000
    11    10    12    70.00000  115.00000
    11    10     6    80.00000  117.00000
    12    10     6    65.00000  126.92000
    13    12    10    95.00000  105.97700
     2     1     3    70.00000  117.00000
     1     2     4    70.00000  124.00000
     1     2     5    35.00000  116.00000
     4     2     5    35.00000  120.00000
     2     4     6    63.00000  120.00000
     2     4     7    35.00000  120.00000
     6     4     7    35.00000  120.00000
    10     6     4    65.00000  119.74000
    10     6     8    65.00000  119.74000
     4     6     8    63.00000  120.00000
     6     8     3    63.00000  120.00000
     6     8     9    35.00000  120.00000
     3     8     9    35.00000  120.00000
     1     3     8    70.00000  124.00000
     1     3    30    75.00000  117.56100
     8     3    30    85.00000  120.00000
     3    30    31    80.00000  120.40000
     3    30    32    75.00000  113.92100
    31    30    32    80.00000  122.90000
    33    35    41    56.20000  109.47000
    33    35    42    37.50000  110.70000
    33    35    43    37.50000  110.70000
    41    35    42    35.00000  109.50000
    41    35    43    35.00000  109.50000
    42    35    43    33.00000  107.80000
    35    33    32    70.00000  110.72300
    35    33    36    37.50000  110.70000
    35    33    37    37.50000  110.70000
    32    33    36    35.00000  109.50000
    32    33    37    35.00000  109.50000
    36    33    37    33.00000  107.80000
    30    32    33    50.00000  121.90000
    30    32    34    50.00000  121.90000
    33    32    34    50.00000  118.00000
    32    34    38    70.00000  110.72300
    32    34    39    35.00000  109.50000
    32    34    40    35.00000  109.50000
    38    34    39    37.50000  110.70000
    38    34    40    37.50000  110.70000
    39    34    40    33.00000  107.80000
    34    38    41    56.20000  109.47000
    34    38    44    37.50000  110.70000
    34    38    45    37.50000  110.70000
    41    38    44    35.00000  109.50000
    41    38    45    35.00000  109.50000
    44    38    45    33.00000  107.80000
    35    41    38    51.80000  107.20000
    35    41    46    51.80000  107.20000
    38    41    46    51.80000  107.20000
    41    46    47    35.00000  109.50000
    41    46    48    75.00000  112.33000
    41    46    49    75.00000  112.33000
    47    46    48    35.00000  109.50000
    47    46    49    45.00000  109.50000
    48    46    49    70.00000  112.04700
    54    60    56    63.00000  120.00000
    54    60    64    35.00000  120.00000
    56    60    64    35.00000  120.00000
    60    54    50    63.00000  120.00000
    60    54    61    35.00000  120.00000
    50    54    61    35.00000  120.00000
    54    50    48    63.00000  120.00000
    54    50    55    35.00000  120.00000
    48    50    55    35.00000  120.00000
    46    48    50    70.00000  120.00000
    46    48    51    70.00000  120.00000
    50    48    51    63.00000  120.00000
    48    51    56    63.00000  120.00000
    48    51    57    35.00000  120.00000
    56    51    57    35.00000  120.00000
    60    56    51    63.00000  120.00000
    60    56    62    35.00000  120.00000
    51    56    62    35.00000  120.00000
    46    49    52    65.00000  122.34000
    46    49    53    70.00000  120.68000
    52    49    53    85.00000  115.28900
    49    52    58   105.00000  106.44000
    52    58    59   110.00000  106.81600
    58    59    53    95.00000  114.10600
    58    59    63    75.00000  118.68000
    53    59    63    75.00000  118.68000
    49    53    59   115.00000  101.71600
    59    63    65    50.00000  108.61900
    59    63    66    50.00000  108.61900
    59    63    67    50.00000  108.61900
    65    63    66    33.00000  107.80000
    65    63    67    33.00000  107.80000
    66    63    67    33.00000  107.80000
PHI
   19    17    15    18   0.00000  1.0 1.0
   19    17    15    18   3.62500 -1.0 2.0
   19    17    15    18   0.00000  1.0 3.0
   19    17    15    18   0.00000 -1.0 4.0
   19    17    15    13   0.00000  1.0 1.0
   19    17    15    13   3.62500 -1.0 2.0
   19    17    15    13   0.00000  1.0 3.0
   19    17    15    13   0.00000 -1.0 4.0
   21    17    15    18   0.00000  1.0 1.0
   21    17    15    18   3.62500 -1.0 2.0
   21    17    15    18   0.00000  1.0 3.0
   21    17    15    18   0.00000 -1.0 4.0
   21    17    15    13   0.00000  1.0 1.0
   21    17    15    13   3.62500 -1.0 2.0
   21    17    15    13   0.00000  1.0 3.0
   21    17    15    13   0.00000 -1.0 4.0
   15    17    19    16   0.00000  1.0 1.0
   15    17    19    16   3.62500 -1.0 2.0
   15    17    19    16   0.00000  1.0 3.0
   15    17    19    16   0.00000 -1.0 4.0
   15    17    19    22   0.00000  1.0 1.0
   15    17    19    22   3.62500 -1.0 2.0
   15    17    19    22   0.00000  1.0 3.0
   15    17    19    22   0.00000 -1.0 4.0
   21    17    19    16   0.00000  1.0 1.0
   21    17    19    16   3.62500 -1.0 2.0
   21    17    19    16   0.00000  1.0 3.0
   21    17    19    16   0.00000 -1.0 4.0
   21    17    19    22   0.00000  1.0 1.0
   21    17    19    22   3.62500 -1.0 2.0
   21    17    19    22   0.00000  1.0 3.0
   21    17    19    22   0.00000 -1.0 4.0
   15    17    21    23   0.00000  1.0 1.0
   15    17    21    23   0.97800 -1.0 2.0
   15    17    21    23   0.00000  1.0 3.0
   15    17    21    23   0.00000 -1.0 4.0
   15    17    21    24   1.00100  1.0 1.0
   15    17    21    24   0.85050 -1.0 2.0
   15    17    21    24   0.00000  1.0 3.0
   15    17    21    24   0.00000 -1.0 4.0
   19    17    21    23   0.00000  1.0 1.0
   19    17    21    23   0.97800 -1.0 2.0
   19    17    21    23   0.00000  1.0 3.0
   19    17    21    23   0.00000 -1.0 4.0
   19    17    21    24   1.00100  1.0 1.0
   19    17    21    24   0.85050 -1.0 2.0
   19    17    21    24   0.00000  1.0 3.0
   19    17    21    24   0.00000 -1.0 4.0
   17    15    13    14   0.00000  1.0 1.0
   17    15    13    14   3.50000 -1.0 2.0
   17    15    13    14   0.00000  1.0 3.0
   17    15    13    14   0.00000 -1.0 4.0
   17    15    13    12   0.00000  1.0 1.0
   17    15    13    12   3.62500 -1.0 2.0
   17    15    13    12   0.00000  1.0 3.0
   17    15    13    12   0.00000 -1.0 4.0
   18    15    13    14   0.00000  1.0 1.0
   18    15    13    14   3.50000 -1.0 2.0
   18    15    13    14   0.00000  1.0 3.0
   18    15    13    14   0.00000 -1.0 4.0
   18    15    13    12   0.00000  1.0 1.0
   18    15    13    12   3.62500 -1.0 2.0
   18    15    13    12   0.00000  1.0 3.0
   18    15    13    12   0.00000 -1.0 4.0
   20    16    19    17   0.00000  1.0 1.0
   20    16    19    17   3.62500 -1.0 2.0
   20    16    19    17   0.00000  1.0 3.0
   20    16    19    17   0.00000 -1.0 4.0
   20    16    19    22   0.00000  1.0 1.0
   20    16    19    22   3.62500 -1.0 2.0
   20    16    19    22   0.00000  1.0 3.0
   20    16    19    22   0.00000 -1.0 4.0
   14    16   -19    17   0.00000  1.0 1.0
   14    16   -19    17   3.62500 -1.0 2.0
   14    16   -19    17   0.00000  1.0 3.0
   14    16   -19    17   0.00000 -1.0 4.0
   14    16    19    22   0.00000  1.0 1.0
   14    16    19    22   3.62500 -1.0 2.0
   14    16    19    22   0.00000  1.0 3.0
   14    16    19    22   0.00000 -1.0 4.0
   19    16   -14    13   0.00000  1.0 1.0
   19    16   -14    13   3.62500 -1.0 2.0
   19    16   -14    13   0.00000  1.0 3.0
   19    16   -14    13   0.00000 -1.0 4.0
   19    16    14    11   0.00000  1.0 1.0
   19    16    14    11   3.62500 -1.0 2.0
   19    16    14    11   0.00000  1.0 3.0
   19    16    14    11   0.00000 -1.0 4.0
   20    16    14    13   0.00000  1.0 1.0
   20    16    14    13   3.62500 -1.0 2.0
   20    16    14    13   0.00000  1.0 3.0
   20    16    14    13   0.00000 -1.0 4.0
   20    16    14    11   0.00000  1.0 1.0
   20    16    14    11   3.62500 -1.0 2.0
   20    16    14    11   0.00000  1.0 3.0
   20    16    14    11   0.00000 -1.0 4.0
   17    21    24    25   0.00000  1.0 1.0
   17    21    24    25   0.04000 -1.0 2.0
   17    21    24    25   0.00000  1.0 3.0
   17    21    24    25   0.00000 -1.0 4.0
   17    21    24    26   0.76000  1.0 1.0
   17    21    24    26   4.11600 -1.0 2.0
   17    21    24    26   0.00000  1.0 3.0
   17    21    24    26   0.00000 -1.0 4.0
   23    21    24    25   0.00000  1.0 1.0
   23    21    24    25   2.45000 -1.0 2.0
   23    21    24    25   0.00000  1.0 3.0
   23    21    24    25   0.00000 -1.0 4.0
   23    21    24    26   0.00000  1.0 1.0
   23    21    24    26   2.45000 -1.0 2.0
   23    21    24    26   0.00000  1.0 3.0
   23    21    24    26   0.00000 -1.0 4.0
   21    24    26    27   0.00000  1.0 1.0
   21    24    26    28   0.00000  1.0 1.0
   21    24    26    29   0.00000  1.0 1.0
   25    24    26    27   0.00000  1.0 1.0
   25    24    26    28   0.00000  1.0 1.0
   25    24    26    29   0.00000  1.0 1.0
   15    13   -14    16   0.00000  1.0 1.0
   15    13   -14    16   3.00000 -1.0 2.0
   15    13   -14    16   0.00000  1.0 3.0
   15    13   -14    16   0.00000 -1.0 4.0
   15    13    14    11   0.00000  1.0 1.0
   15    13    14    11   3.62500 -1.0 2.0
   15    13    14    11   0.00000  1.0 3.0
   15    13    14    11   0.00000 -1.0 4.0
   12    13    14    16   0.00000  1.0 1.0
   12    13    14    16   3.62500 -1.0 2.0
   12    13    14    16   0.00000  1.0 3.0
   12    13    14    16   0.00000 -1.0 4.0
   12    13   -14    11   0.00000  1.0 1.0
   12    13   -14    11   3.62500 -1.0 2.0
   12    13   -14    11   0.00000  1.0 3.0
   12    13   -14    11   0.00000 -1.0 4.0
   15    13    12    10   0.00000  1.0 1.0
   15    13    12    10   3.62500 -1.0 2.0
   15    13    12    10   0.00000  1.0 3.0
   15    13    12    10   0.00000 -1.0 4.0
   14    13   -12    10   0.00000  1.0 1.0
   14    13   -12    10   3.62500 -1.0 2.0
   14    13   -12    10   0.00000  1.0 3.0
   14    13   -12    10   0.00000 -1.0 4.0
   16    14    11    10   0.00000  1.0 1.0
   16    14    11    10   3.62500 -1.0 2.0
   16    14    11    10   0.00000  1.0 3.0
   16    14    11    10   0.00000 -1.0 4.0
   13    14   -11    10   0.00000  1.0 1.0
   13    14   -11    10   3.62500 -1.0 2.0
   13    14   -11    10   0.00000  1.0 3.0
   13    14   -11    10   0.00000 -1.0 4.0
   14    11   -10    12   0.00000  1.0 1.0
   14    11   -10    12   3.62500 -1.0 2.0
   14    11   -10    12   0.00000  1.0 3.0
   14    11   -10    12   0.00000 -1.0 4.0
   14    11    10     6   0.00000  1.0 1.0
   14    11    10     6   3.62500 -1.0 2.0
   14    11    10     6   0.00000  1.0 3.0
   14    11    10     6   0.00000 -1.0 4.0
   11    10   -12    13   0.00000  1.0 1.0
   11    10   -12    13   3.62500 -1.0 2.0
   11    10   -12    13   0.00000  1.0 3.0
   11    10   -12    13   0.00000 -1.0 4.0
    6    10    12    13   0.00000  1.0 1.0
    6    10    12    13   3.62500 -1.0 2.0
    6    10    12    13   0.00000  1.0 3.0
    6    10    12    13   0.00000 -1.0 4.0
   11    10     6     4  -0.02050  1.0 1.0
   11    10     6     4   0.57800 -1.0 2.0
   11    10     6     4  -0.12500  1.0 3.0
   11    10     6     4   0.00000 -1.0 4.0
   11    10     6     8  -0.02050  1.0 1.0
   11    10     6     8   0.57800 -1.0 2.0
   11    10     6     8  -0.12500  1.0 3.0
   11    10     6     8   0.00000 -1.0 4.0
   12    10     6     4   0.04300  1.0 1.0
   12    10     6     4   0.58850 -1.0 2.0
   12    10     6     4   0.22750  1.0 3.0
   12    10     6     4   0.00000 -1.0 4.0
   12    10     6     8   0.04300  1.0 1.0
   12    10     6     8   0.58850 -1.0 2.0
   12    10     6     8   0.22750  1.0 3.0
   12    10     6     8   0.00000 -1.0 4.0
    3     1     2     4   0.00000  1.0 1.0
    3     1     2     4   3.62500 -1.0 2.0
    3     1     2     4   0.00000  1.0 3.0
    3     1     2     4   0.00000 -1.0 4.0
    3     1     2     5   0.00000  1.0 1.0
    3     1     2     5   3.62500 -1.0 2.0
    3     1     2     5   0.00000  1.0 3.0
    3     1     2     5   0.00000 -1.0 4.0
    2     1     3     8   0.00000  1.0 1.0
    2     1     3     8   3.62500 -1.0 2.0
    2     1     3     8   0.00000  1.0 3.0
    2     1     3     8   0.00000 -1.0 4.0
    2     1     3    30   0.00000  1.0 1.0
    2     1     3    30   3.62500 -1.0 2.0
    2     1     3    30   0.00000  1.0 3.0
    2     1     3    30   0.00000 -1.0 4.0
    1     2     4     6   0.00000  1.0 1.0
    1     2     4     6   3.62500 -1.0 2.0
    1     2     4     6   0.00000  1.0 3.0
    1     2     4     6   0.00000 -1.0 4.0
    1     2     4     7   0.00000  1.0 1.0
    1     2     4     7   3.62500 -1.0 2.0
    1     2     4     7   0.00000  1.0 3.0
    1     2     4     7   0.00000 -1.0 4.0
    5     2     4     6   0.00000  1.0 1.0
    5     2     4     6   3.62500 -1.0 2.0
    5     2     4     6   0.00000  1.0 3.0
    5     2     4     6   0.00000 -1.0 4.0
    5     2     4     7   0.00000  1.0 1.0
    5     2     4     7   3.62500 -1.0 2.0
    5     2     4     7   0.00000  1.0 3.0
    5     2     4     7   0.00000 -1.0 4.0
    2     4     6    10   0.00000  1.0 1.0
    2     4     6    10   3.62500 -1.0 2.0
    2     4     6    10   0.00000  1.0 3.0
    2     4     6    10   0.00000 -1.0 4.0
    2     4    -6     8   0.00000  1.0 1.0
    2     4    -6     8   3.62500 -1.0 2.0
    2     4    -6     8   0.00000  1.0 3.0
    2     4    -6     8   0.00000 -1.0 4.0
    7     4     6    10   0.00000  1.0 1.0
    7     4     6    10   3.62500 -1.0 2.0
    7     4     6    10   0.00000  1.0 3.0
    7     4     6    10   0.00000 -1.0 4.0
    7     4     6     8   0.00000  1.0 1.0
    7     4     6     8   3.62500 -1.0 2.0
    7     4     6     8   0.00000  1.0 3.0
    7     4     6     8   0.00000 -1.0 4.0
   10     6     8     3   0.00000  1.0 1.0
   10     6     8     3   3.62500 -1.0 2.0
   10     6     8     3   0.00000  1.0 3.0
   10     6     8     3   0.00000 -1.0 4.0
   10     6     8     9   0.00000  1.0 1.0
   10     6     8     9   3.62500 -1.0 2.0
   10     6     8     9   0.00000  1.0 3.0
   10     6     8     9   0.00000 -1.0 4.0
    4     6    -8     3   0.00000  1.0 1.0
    4     6    -8     3   3.62500 -1.0 2.0
    4     6    -8     3   0.00000  1.0 3.0
    4     6    -8     3   0.00000 -1.0 4.0
    4     6     8     9   0.00000  1.0 1.0
    4     6     8     9   3.62500 -1.0 2.0
    4     6     8     9   0.00000  1.0 3.0
    4     6     8     9   0.00000 -1.0 4.0
    6     8    -3     1   0.00000  1.0 1.0
    6     8    -3     1   3.62500 -1.0 2.0
    6     8    -3     1   0.00000  1.0 3.0
    6     8    -3     1   0.00000 -1.0 4.0
    6     8     3    30   0.00000  1.0 1.0
    6     8     3    30   3.62500 -1.0 2.0
    6     8     3    30   0.00000  1.0 3.0
    6     8     3    30   0.00000 -1.0 4.0
    9     8     3     1   0.00000  1.0 1.0
    9     8     3     1   3.62500 -1.0 2.0
    9     8     3     1   0.00000  1.0 3.0
    9     8     3     1   0.00000 -1.0 4.0
    9     8     3    30   0.00000  1.0 1.0
    9     8     3    30   3.62500 -1.0 2.0
    9     8     3    30   0.00000  1.0 3.0
    9     8     3    30   0.00000 -1.0 4.0
    1     3    30    31   0.00000  1.0 1.0
    1     3    30    31   1.05000 -1.0 2.0
    1     3    30    31   0.00000  1.0 3.0
    1     3    30    31   0.00000 -1.0 4.0
    1     3    30    32   1.61600  1.0 1.0
    1     3    30    32  -0.04750 -1.0 2.0
    1     3    30    32   0.11700  1.0 3.0
    1     3    30    32   0.00000 -1.0 4.0
    8     3    30    31   0.00000  1.0 1.0
    8     3    30    31   1.05000 -1.0 2.0
    8     3    30    31   0.00000  1.0 3.0
    8     3    30    31   0.00000 -1.0 4.0
    8     3    30    32   0.75700  1.0 1.0
    8     3    30    32   0.34650 -1.0 2.0
    8     3    30    32   0.33000  1.0 3.0
    8     3    30    32  -0.28100 -1.0 4.0
    3    30    32    33   1.49850  1.0 1.0
    3    30    32    33   1.53950 -1.0 2.0
    3    30    32    33   0.00000  1.0 3.0
    3    30    32    33   0.00000 -1.0 4.0
    3    30    32    34   1.49850  1.0 1.0
    3    30    32    34   1.53950 -1.0 2.0
    3    30    32    34   0.00000  1.0 3.0
    3    30    32    34   0.00000 -1.0 4.0
   31    30    32    33   0.00000  1.0 1.0
   31    30    32    33   3.04450 -1.0 2.0
   31    30    32    33   0.00000  1.0 3.0
   31    30    32    33   0.00000 -1.0 4.0
   31    30    32    34   0.00000  1.0 1.0
   31    30    32    34   3.04450 -1.0 2.0
   31    30    32    34   0.00000  1.0 3.0
   31    30    32    34   0.00000 -1.0 4.0
   41    35    33    32   2.65250  1.0 1.0
   41    35    33    32   0.86150 -1.0 2.0
   41    35    33    32   0.00000  1.0 3.0
   41    35    33    32   0.00000 -1.0 4.0
   41    35    33    36   0.00000  1.0 1.0
   41    35    33    36   0.00000 -1.0 2.0
   41    35    33    36   0.15000  1.0 3.0
   41    35    33    36   0.00000 -1.0 4.0
   41    35    33    37   0.00000  1.0 1.0
   41    35    33    37   0.00000 -1.0 2.0
   41    35    33    37   0.15000  1.0 3.0
   41    35    33    37   0.00000 -1.0 4.0
   42    35    33    32   0.00000  1.0 1.0
   42    35    33    32   0.00000 -1.0 2.0
   42    35    33    32   0.15000  1.0 3.0
   42    35    33    32   0.00000 -1.0 4.0
   42    35    33    36   0.00000  1.0 1.0
   42    35    33    36   0.00000 -1.0 2.0
   42    35    33    36   0.15000  1.0 3.0
   42    35    33    36   0.00000 -1.0 4.0
   42    35    33    37   0.00000  1.0 1.0
   42    35    33    37   0.00000 -1.0 2.0
   42    35    33    37   0.15000  1.0 3.0
   42    35    33    37   0.00000 -1.0 4.0
   43    35    33    32   0.00000  1.0 1.0
   43    35    33    32   0.00000 -1.0 2.0
   43    35    33    32   0.15000  1.0 3.0
   43    35    33    32   0.00000 -1.0 4.0
   43    35    33    36   0.00000  1.0 1.0
   43    35    33    36   0.00000 -1.0 2.0
   43    35    33    36   0.15000  1.0 3.0
   43    35    33    36   0.00000 -1.0 4.0
   43    35    33    37   0.00000  1.0 1.0
   43    35    33    37   0.00000 -1.0 2.0
   43    35    33    37   0.15000  1.0 3.0
   43    35    33    37   0.00000 -1.0 4.0
   33    35    41    38   0.23450  1.0 1.0
   33    35    41    38   0.02050 -1.0 2.0
   33    35    41    38   0.25250  1.0 3.0
   33    35    41    38   0.00000 -1.0 4.0
   33    35    41    46   0.58650  1.0 1.0
   33    35    41    46   0.12600 -1.0 2.0
   33    35    41    46   0.33350  1.0 3.0
   33    35    41    46   0.00000 -1.0 4.0
   42    35    41    38   0.00000  1.0 1.0
   42    35    41    38   0.00000 -1.0 2.0
   42    35    41    38   0.28000  1.0 3.0
   42    35    41    38   0.00000 -1.0 4.0
   42    35    41    46   0.00000  1.0 1.0
   42    35    41    46   0.00000 -1.0 2.0
   42    35    41    46   0.28000  1.0 3.0
   42    35    41    46   0.00000 -1.0 4.0
   43    35    41    38   0.00000  1.0 1.0
   43    35    41    38   0.00000 -1.0 2.0
   43    35    41    38   0.28000  1.0 3.0
   43    35    41    38   0.00000 -1.0 4.0
   43    35    41    46   0.00000  1.0 1.0
   43    35    41    46   0.00000 -1.0 2.0
   43    35    41    46   0.28000  1.0 3.0
   43    35    41    46   0.00000 -1.0 4.0
   35    33    32    30  -0.43950  1.0 1.0
   35    33    32    30  -0.08100 -1.0 2.0
   35    33    32    30   0.03350  1.0 3.0
   35    33    32    30   0.00000 -1.0 4.0
   35    33    32    34   1.95000  1.0 1.0
   35    33    32    34   0.15800 -1.0 2.0
   35    33    32    34   0.05650  1.0 3.0
   35    33    32    34   0.33650 -1.0 4.0
   36    33    32    30   0.00000  1.0 1.0
   36    33    32    34   0.00000  1.0 1.0
   37    33    32    30   0.00000  1.0 1.0
   37    33    32    34   0.00000  1.0 1.0
   30    32    34    38  -0.43950  1.0 1.0
   30    32    34    38  -0.08100 -1.0 2.0
   30    32    34    38   0.03350  1.0 3.0
   30    32    34    38   0.00000 -1.0 4.0
   30    32    34    39   0.00000  1.0 1.0
   30    32    34    40   0.00000  1.0 1.0
   33    32   -34    38   1.95000  1.0 1.0
   33    32   -34    38   0.15800 -1.0 2.0
   33    32   -34    38   0.05650  1.0 3.0
   33    32   -34    38   0.33650 -1.0 4.0
   33    32    34    39   0.00000  1.0 1.0
   33    32    34    40   0.00000  1.0 1.0
   32    34   -38    41   2.65250  1.0 1.0
   32    34   -38    41   0.86150 -1.0 2.0
   32    34   -38    41   0.00000  1.0 3.0
   32    34   -38    41   0.00000 -1.0 4.0
   32    34    38    44   0.00000  1.0 1.0
   32    34    38    44   0.00000 -1.0 2.0
   32    34    38    44   0.15000  1.0 3.0
   32    34    38    44   0.00000 -1.0 4.0
   32    34    38    45   0.00000  1.0 1.0
   32    34    38    45   0.00000 -1.0 2.0
   32    34    38    45   0.15000  1.0 3.0
   32    34    38    45   0.00000 -1.0 4.0
   39    34    38    41   0.00000  1.0 1.0
   39    34    38    41   0.00000 -1.0 2.0
   39    34    38    41   0.15000  1.0 3.0
   39    34    38    41   0.00000 -1.0 4.0
   39    34    38    44   0.00000  1.0 1.0
   39    34    38    44   0.00000 -1.0 2.0
   39    34    38    44   0.15000  1.0 3.0
   39    34    38    44   0.00000 -1.0 4.0
   39    34    38    45   0.00000  1.0 1.0
   39    34    38    45   0.00000 -1.0 2.0
   39    34    38    45   0.15000  1.0 3.0
   39    34    38    45   0.00000 -1.0 4.0
   40    34    38    41   0.00000  1.0 1.0
   40    34    38    41   0.00000 -1.0 2.0
   40    34    38    41   0.15000  1.0 3.0
   40    34    38    41   0.00000 -1.0 4.0
   40    34    38    44   0.00000  1.0 1.0
   40    34    38    44   0.00000 -1.0 2.0
   40    34    38    44   0.15000  1.0 3.0
   40    34    38    44   0.00000 -1.0 4.0
   40    34    38    45   0.00000  1.0 1.0
   40    34    38    45   0.00000 -1.0 2.0
   40    34    38    45   0.15000  1.0 3.0
   40    34    38    45   0.00000 -1.0 4.0
   34    38   -41    35   0.23450  1.0 1.0
   34    38   -41    35   0.02050 -1.0 2.0
   34    38   -41    35   0.25250  1.0 3.0
   34    38   -41    35   0.00000 -1.0 4.0
   34    38    41    46   0.58650  1.0 1.0
   34    38    41    46   0.12600 -1.0 2.0
   34    38    41    46   0.33350  1.0 3.0
   34    38    41    46   0.00000 -1.0 4.0
   44    38    41    35   0.00000  1.0 1.0
   44    38    41    35   0.00000 -1.0 2.0
   44    38    41    35   0.28000  1.0 3.0
   44    38    41    35   0.00000 -1.0 4.0
   44    38    41    46   0.00000  1.0 1.0
   44    38    41    46   0.00000 -1.0 2.0
   44    38    41    46   0.28000  1.0 3.0
   44    38    41    46   0.00000 -1.0 4.0
   45    38    41    35   0.00000  1.0 1.0
   45    38    41    35   0.00000 -1.0 2.0
   45    38    41    35   0.28000  1.0 3.0
   45    38    41    35   0.00000 -1.0 4.0
   45    38    41    46   0.00000  1.0 1.0
   45    38    41    46   0.00000 -1.0 2.0
   45    38    41    46   0.28000  1.0 3.0
   45    38    41    46   0.00000 -1.0 4.0
   35    41    46    47   0.00000  1.0 1.0
   35    41    46    47   0.00000 -1.0 2.0
   35    41    46    47   0.28000  1.0 3.0
   35    41    46    47   0.00000 -1.0 4.0
   35    41    46    48   0.82600  1.0 1.0
   35    41    46    48  -0.32100 -1.0 2.0
   35    41    46    48   1.02000  1.0 3.0
   35    41    46    48   0.00000 -1.0 4.0
   35    41    46    49   0.82600  1.0 1.0
   35    41    46    49  -0.32100 -1.0 2.0
   35    41    46    49   1.02000  1.0 3.0
   35    41    46    49   0.00000 -1.0 4.0
   38    41    46    47   0.00000  1.0 1.0
   38    41    46    47   0.00000 -1.0 2.0
   38    41    46    47   0.28000  1.0 3.0
   38    41    46    47   0.00000 -1.0 4.0
   38    41    46    48   0.82600  1.0 1.0
   38    41    46    48  -0.32100 -1.0 2.0
   38    41    46    48   1.02000  1.0 3.0
   38    41    46    48   0.00000 -1.0 4.0
   38    41    46    49   0.82600  1.0 1.0
   38    41    46    49  -0.32100 -1.0 2.0
   38    41    46    49   1.02000  1.0 3.0
   38    41    46    49   0.00000 -1.0 4.0
   41    46    48    50   0.00000  1.0 1.0
   41    46    48    50   0.18550 -1.0 2.0
   41    46    48    50   0.14000  1.0 3.0
   41    46    48    50   0.00000 -1.0 4.0
   41    46    48    51   0.00000  1.0 1.0
   41    46    48    51   0.18550 -1.0 2.0
   41    46    48    51   0.14000  1.0 3.0
   41    46    48    51   0.00000 -1.0 4.0
   47    46    48    50   0.00000  1.0 1.0
   47    46    48    51   0.00000  1.0 1.0
   49    46    48    50   0.00000  1.0 1.0
   49    46    48    50   0.04300 -1.0 2.0
   49    46    48    50   0.00000  1.0 3.0
   49    46    48    50   0.00000 -1.0 4.0
   49    46    48    51   0.00000  1.0 1.0
   49    46    48    51   0.04300 -1.0 2.0
   49    46    48    51   0.00000  1.0 3.0
   49    46    48    51   0.00000 -1.0 4.0
   41    46    49    52   0.00000  1.0 1.0
   41    46    49    52   0.04300 -1.0 2.0
   41    46    49    52   0.00000  1.0 3.0
   41    46    49    52   0.00000 -1.0 4.0
   41    46    49    53   0.00000  1.0 1.0
   41    46    49    53   0.04300 -1.0 2.0
   41    46    49    53   0.00000  1.0 3.0
   41    46    49    53   0.00000 -1.0 4.0
   47    46    49    52   0.00000  1.0 1.0
   47    46    49    53   0.00000  1.0 1.0
   48    46    49    52   0.00000  1.0 1.0
   48    46    49    52   0.04300 -1.0 2.0
   48    46    49    52   0.00000  1.0 3.0
   48    46    49    52   0.00000 -1.0 4.0
   48    46    49    53   0.00000  1.0 1.0
   48    46    49    53   0.04300 -1.0 2.0
   48    46    49    53   0.00000  1.0 3.0
   48    46    49    53   0.00000 -1.0 4.0
   56    60    54    50   0.00000  1.0 1.0
   56    60    54    50   3.62500 -1.0 2.0
   56    60    54    50   0.00000  1.0 3.0
   56    60    54    50   0.00000 -1.0 4.0
   56    60    54    61   0.00000  1.0 1.0
   56    60    54    61   3.62500 -1.0 2.0
   56    60    54    61   0.00000  1.0 3.0
   56    60    54    61   0.00000 -1.0 4.0
   64    60    54    50   0.00000  1.0 1.0
   64    60    54    50   3.62500 -1.0 2.0
   64    60    54    50   0.00000  1.0 3.0
   64    60    54    50   0.00000 -1.0 4.0
   64    60    54    61   0.00000  1.0 1.0
   64    60    54    61   3.62500 -1.0 2.0
   64    60    54    61   0.00000  1.0 3.0
   64    60    54    61   0.00000 -1.0 4.0
   54    60    56    51   0.00000  1.0 1.0
   54    60    56    51   3.62500 -1.0 2.0
   54    60    56    51   0.00000  1.0 3.0
   54    60    56    51   0.00000 -1.0 4.0
   54    60    56    62   0.00000  1.0 1.0
   54    60    56    62   3.62500 -1.0 2.0
   54    60    56    62   0.00000  1.0 3.0
   54    60    56    62   0.00000 -1.0 4.0
   64    60    56    51   0.00000  1.0 1.0
   64    60    56    51   3.62500 -1.0 2.0
   64    60    56    51   0.00000  1.0 3.0
   64    60    56    51   0.00000 -1.0 4.0
   64    60    56    62   0.00000  1.0 1.0
   64    60    56    62   3.62500 -1.0 2.0
   64    60    56    62   0.00000  1.0 3.0
   64    60    56    62   0.00000 -1.0 4.0
   60    54    50    48   0.00000  1.0 1.0
   60    54    50    48   3.62500 -1.0 2.0
   60    54    50    48   0.00000  1.0 3.0
   60    54    50    48   0.00000 -1.0 4.0
   60    54    50    55   0.00000  1.0 1.0
   60    54    50    55   3.62500 -1.0 2.0
   60    54    50    55   0.00000  1.0 3.0
   60    54    50    55   0.00000 -1.0 4.0
   61    54    50    48   0.00000  1.0 1.0
   61    54    50    48   3.62500 -1.0 2.0
   61    54    50    48   0.00000  1.0 3.0
   61    54    50    48   0.00000 -1.0 4.0
   61    54    50    55   0.00000  1.0 1.0
   61    54    50    55   3.62500 -1.0 2.0
   61    54    50    55   0.00000  1.0 3.0
   61    54    50    55   0.00000 -1.0 4.0
   54    50    48    46   0.00000  1.0 1.0
   54    50    48    46   3.62500 -1.0 2.0
   54    50    48    46   0.00000  1.0 3.0
   54    50    48    46   0.00000 -1.0 4.0
   54    50   -48    51   0.00000  1.0 1.0
   54    50   -48    51   3.62500 -1.0 2.0
   54    50   -48    51   0.00000  1.0 3.0
   54    50   -48    51   0.00000 -1.0 4.0
   55    50    48    46   0.00000  1.0 1.0
   55    50    48    46   3.62500 -1.0 2.0
   55    50    48    46   0.00000  1.0 3.0
   55    50    48    46   0.00000 -1.0 4.0
   55    50    48    51   0.00000  1.0 1.0
   55    50    48    51   3.62500 -1.0 2.0
   55    50    48    51   0.00000  1.0 3.0
   55    50    48    51   0.00000 -1.0 4.0
   46    48    51    56   0.00000  1.0 1.0
   46    48    51    56   3.62500 -1.0 2.0
   46    48    51    56   0.00000  1.0 3.0
   46    48    51    56   0.00000 -1.0 4.0
   46    48    51    57   0.00000  1.0 1.0
   46    48    51    57   3.62500 -1.0 2.0
   46    48    51    57   0.00000  1.0 3.0
   46    48    51    57   0.00000 -1.0 4.0
   50    48   -51    56   0.00000  1.0 1.0
   50    48   -51    56   3.62500 -1.0 2.0
   50    48   -51    56   0.00000  1.0 3.0
   50    48   -51    56   0.00000 -1.0 4.0
   50    48    51    57   0.00000  1.0 1.0
   50    48    51    57   3.62500 -1.0 2.0
   50    48    51    57   0.00000  1.0 3.0
   50    48    51    57   0.00000 -1.0 4.0
   48    51   -56    60   0.00000  1.0 1.0
   48    51   -56    60   3.62500 -1.0 2.0
   48    51   -56    60   0.00000  1.0 3.0
   48    51   -56    60   0.00000 -1.0 4.0
   48    51    56    62   0.00000  1.0 1.0
   48    51    56    62   3.62500 -1.0 2.0
   48    51    56    62   0.00000  1.0 3.0
   48    51    56    62   0.00000 -1.0 4.0
   57    51    56    60   0.00000  1.0 1.0
   57    51    56    60   3.62500 -1.0 2.0
   57    51    56    60   0.00000  1.0 3.0
   57    51    56    60   0.00000 -1.0 4.0
   57    51    56    62   0.00000  1.0 1.0
   57    51    56    62   3.62500 -1.0 2.0
   57    51    56    62   0.00000  1.0 3.0
   57    51    56    62   0.00000 -1.0 4.0
   46    49    52    58   0.00000  1.0 1.0
   46    49    52    58   3.62500 -1.0 2.0
   46    49    52    58   0.00000  1.0 3.0
   46    49    52    58   0.00000 -1.0 4.0
   53    49   -52    58   0.00000  1.0 1.0
   53    49   -52    58   3.62500 -1.0 2.0
   53    49   -52    58   0.00000  1.0 3.0
   53    49   -52    58   0.00000 -1.0 4.0
   46    49    53    59   0.00000  1.0 1.0
   46    49    53    59   3.62500 -1.0 2.0
   46    49    53    59   0.00000  1.0 3.0
   46    49    53    59   0.00000 -1.0 4.0
   52    49   -53    59   0.00000  1.0 1.0
   52    49   -53    59   3.62500 -1.0 2.0
   52    49   -53    59   0.00000  1.0 3.0
   52    49   -53    59   0.00000 -1.0 4.0
   49    52   -58    59   0.00000  1.0 1.0
   49    52   -58    59   3.62500 -1.0 2.0
   49    52   -58    59   0.00000  1.0 3.0
   49    52   -58    59   0.00000 -1.0 4.0
   52    58   -59    53   0.00000  1.0 1.0
   52    58   -59    53   3.62500 -1.0 2.0
   52    58   -59    53   0.00000  1.0 3.0
   52    58   -59    53   0.00000 -1.0 4.0
   52    58    59    63   0.00000  1.0 1.0
   52    58    59    63   3.62500 -1.0 2.0
   52    58    59    63   0.00000  1.0 3.0
   52    58    59    63   0.00000 -1.0 4.0
   58    59   -53    49   0.00000  1.0 1.0
   58    59   -53    49   3.62500 -1.0 2.0
   58    59   -53    49   0.00000  1.0 3.0
   58    59   -53    49   0.00000 -1.0 4.0
   63    59    53    49   0.00000  1.0 1.0
   63    59    53    49   3.62500 -1.0 2.0
   63    59    53    49   0.00000  1.0 3.0
   63    59    53    49   0.00000 -1.0 4.0
   58    59    63    65   0.00000  1.0 1.0
   58    59    63    66   0.00000  1.0 1.0
   58    59    63    67   0.00000  1.0 1.0
   53    59    63    65   0.00000  1.0 1.0
   53    59    63    66   0.00000  1.0 1.0
   53    59    63    67   0.00000  1.0 1.0
IPHI
    19    21    17    15   4.00000 -1.0 2.0
    18    13    15    17   1.10000 -1.0 2.0
    20    14    16    19   1.10000 -1.0 2.0
    16    22    19    17   1.10000 -1.0 2.0
    23    24    21    17   1.00000 -1.0 2.0
    21    26    24    25  10.50000 -1.0 2.0
    14    12    13    15   4.00000 -1.0 2.0
    13    11    14    16   4.00000 -1.0 2.0
    12     6    10    11   4.00000 -1.0 2.0
     4     5     2     1   1.10000 -1.0 2.0
     6     7     4     2   1.10000 -1.0 2.0
     4     8     6    10   4.00000 -1.0 2.0
     3     9     8     6   1.10000 -1.0 2.0
     8    30     3     1   4.00000 -1.0 2.0
     3    32    30    31  10.50000 -1.0 2.0
    34    30    32    33   1.00000 -1.0 2.0
    56    64    60    54   1.10000 -1.0 2.0
    50    61    54    60   1.10000 -1.0 2.0
    48    55    50    54   1.10000 -1.0 2.0
    50    51    48    46   4.00000 -1.0 2.0
    56    57    51    48   1.10000 -1.0 2.0
    51    62    56    60   1.10000 -1.0 2.0
    52    53    49    46   4.00000 -1.0 2.0
    53    63    59    58   4.00000 -1.0 2.0
END