* LIGAND DATABASE FILE (OPLS2005)
*
CGC      28    30     46     80     131
    1     0 M   CA   _C8_     8   83.746490  112.250491  136.298347
    2     1 M   CA   _C7_     7    1.396990  156.860332  -42.915940
    3     2 M   NB   _N2_    13    1.332840  118.297580 -116.380769
    4     1 M   CA   _C9_     9    1.390130   73.382197 -168.251382
    5     1 M   HA   _H3_    24    1.079160   52.064013   35.023380
    6     4 M   NB   _N1_    12    1.328350  119.085530  158.174136
    7     6 M   CQ   _C10    10    1.318590  120.660670   -0.111910
    8     7 M   HA   _H4_    25    1.080350  120.030310 -179.586930
    9     2 S   CA   _C6_     6    1.489530  121.493330   62.511640
   10     9 S   CA   _C1_     1    1.398800  122.386220   36.947950
   11     9 S   CA   _C5_     5    1.389566  118.359242 -141.949376
   12    10 S   CA   _C2_     2    1.384210  120.306476 -179.499014
   13    10 S   F    _F1_    11    1.347400  121.391623    0.995760
   14    11 S   CA   _C4_     4    1.392270  120.136611  179.564006
   15    11 S   HA   _H2_    23    1.080310  119.828169   -0.499046
   16    12 S   CA   _C3_     3    1.377580  120.415180    0.368584
   17    12 S   Cl   CL1_    21    1.734240  119.933590 -179.688366
   18    14 S   CZ   _C14    19    1.429040  120.509440  179.752185
   19    16 S   HA   _H1_    22    1.079290  119.998670  179.891650
   20    18 S   NZ   _N5_    20    1.133630  179.453920  176.826916
   21     4 S   NA   _N3_    14    1.394880  119.915110  -21.185384
   22    21 S   C5A  _C11    15    1.357520  125.988590  171.598370
   23    21 S   N5A  _N4_    18    1.399890  126.119780   -7.464850
   24    22 S   C5BD _C12    16    1.349520  107.420630 -179.409830
   25    22 S   HA   _H5_    26    1.080550  119.991540    0.528600
   26    23 S   C5BB _C13    17    1.306178  108.344182  179.402841
   27    24 S   HA   _H6_    27    1.079970  120.001610 -179.850650
   28    26 S   HA   _H7_    28    1.079970  131.909173  179.903432
  12  14   8  11   3   5   3   1   9   8   8   6   2   6   2   4   1
   2   1   1   7   6   5   4   2   2   1   1
    10    11     9     2     4     7     6     3    21    22    23     5
    10    13    12    14    11    15     9     4     7     6     3    21     5     8
    10    11     9     5     4     6     7     8
     9     5     7     6    21    22    24    26    23     8    25
     9     6    21
    21    22    23     8     7
     9    21     8
     0
    10    13    12    17    16    14    11    18    15
    12    16    14    11    13    17    19    15
    13    12    16    19    14    18    20    15
    13    16    14    18    17    19
    17    16
    17    16    19    18    20    15
    16    18
    17    18    20    19
    19
    19    20
     0
     0
    22    24    26    23    25    27    28
    24    26    23    25    27    28
    25    24    27    26    28
    25    26    27    28
    27    26
    27    28
    28
     0
NBON
     1   3.5500   0.0700  -0.689000   2.0020   1.7750   0.001000000  -0.843144165
     2   3.5500   0.0700   0.664000   2.5000   1.7750   0.001000000  -0.843144165
     3   3.2500   0.1700  -0.839000   1.8000   1.6000   0.001000000  -0.511443539
     4   3.5500   0.0700   0.786500   2.0020   1.7750   0.001000000  -0.843144165
     5   2.4200   0.0300   0.197000   1.3810   1.2100   0.030040813   0.268726247
     6   3.2500   0.1700  -0.839000   1.8000   1.6000   0.001000000  -0.511443539
     7   3.5500   0.0700   0.874000   2.0020   1.7750   0.001000000  -0.843144165
     8   2.4200   0.0300  -0.032000   1.3810   1.2100   0.030040813   0.268726247
     9   3.5500   0.0700   0.000000   2.5000   1.7750   0.001000000  -0.843144165
    10   3.5500   0.0700   0.220000   2.5000   1.7750   0.001000000  -0.843144165
    11   3.5500   0.0700  -0.115000   2.0020   1.7750   0.001000000  -0.843144165
    12   3.5500   0.0700   0.180000   2.5000   1.7750   0.001000000  -0.843144165
    13   2.8500   0.0610  -0.220000   2.4980   2.2250   0.001000000   0.985400000
    14   3.5500   0.0700   0.035000   2.0020   1.7750   0.001000000  -0.843144165
    15   2.4200   0.0300   0.115000   1.3810   1.2100   0.030040813   0.268726247
    16   3.5500   0.0700  -0.115000   2.0020   1.7750   0.001000000  -0.843144165
    17   3.4000   0.3000  -0.180000   2.1950   1.9500   0.001000000   0.320982824
    18   3.6500   0.1500   0.395000   1.8100   1.6000   0.025318638  -1.264311570
    19   2.4200   0.0300   0.115000   1.3810   1.2100   0.030040813   0.268726247
    20   3.2800   0.1700  -0.430000   2.2500   2.0000   0.024786691  -1.117108600
    21   3.2500   0.1700   0.069500   1.8000   1.6000   0.001000000  -0.511443539
    22   3.5500   0.0700   0.036000   2.0020   1.7750   0.001000000  -0.843144165
    23   3.2500   0.1700  -0.531000   1.8650   1.6500   0.001000000  -0.511443539
    24   3.5500   0.0700  -0.320000   2.0020   1.7750   0.001000000  -0.843144165
    25   2.4200   0.0300   0.135000   1.3810   1.2100   0.030040813   0.268726247
    26   3.5500   0.0700   0.266000   2.0020   1.7750   0.001000000  -0.843144165
    27   2.4200   0.0300   0.150000   1.3810   1.2100   0.030040813   0.268726247
    28   2.4200   0.0300   0.072000   1.3810   1.2100   0.030040813   0.268726247
BOND
    10    12   469.000  1.400
    10     9   469.000  1.400
    10    13   420.000  1.354
    12    16   469.000  1.400
    12    17   300.000  1.725
    16    14   469.000  1.400
    16    19   367.000  1.080
    14    11   469.000  1.400
    14    18   400.000  1.451
    11     9   469.000  1.400
    11    15   367.000  1.080
     9     2   375.000  1.464
     2     1   469.000  1.400
     2     3   483.000  1.339
     1     4   469.000  1.400
     1     5   367.000  1.080
     4     6   483.000  1.339
     4    21   370.000  1.401
     7     6   502.000  1.324
     7     3   502.000  1.324
     7     8   367.000  1.080
    21    22   427.000  1.381
    21    23   400.000  1.349
    22    24   546.000  1.367
    22    25   367.000  1.080
    24    26   469.000  1.421
    24    27   367.000  1.080
    26    23   410.000  1.320
    26    28   367.000  1.080
    18    20   650.000  1.157
THET
    10    12    16    63.00000  120.00000
    10    12    17    75.00000  120.00000
    10     9    11    63.00000  120.00000
    10     9     2    60.00000  122.76000
    12    16    14    63.00000  120.00000
    12    16    19    35.00000  120.00000
    16    14    11    63.00000  120.00000
    16    14    18    70.00000  120.00000
    14    11     9    63.00000  120.00000
    14    11    15    35.00000  120.00000
    14    18    20   150.00000  180.00000
    11     9     2    60.00000  122.76000
     9    10    12    63.00000  120.00000
     9     2     1    60.00000  122.76000
     9     2     3    70.00000  116.69200
     2     1     4    63.00000  120.00000
     2     1     5    35.00000  120.00000
     2     3     7    70.00000  118.60000
     1     4     6    70.00000  124.00000
     1     4    21    70.00000  119.05500
     4     6     7    70.00000  118.60000
     4    21    22    65.00000  127.04000
     4    21    23    80.00000  119.64000
    13    10    12    80.00000  120.00000
    13    10     9    80.00000  120.00000
     3     2     1    70.00000  124.00000
     3     7     6    70.00000  129.10000
    21     4     6    60.00000  120.00000
    21    22    24    70.00000  109.00000
    21    22    25    35.00000  121.60000
    21    23    26    70.00000  104.10000
    22    24    26    70.00000  103.80000
    22    24    27    35.00000  126.90000
    24    26    23    70.00000  111.90000
    24    26    28    35.00000  128.60000
    23    21    22    56.00000  113.10000
    18    14    11    70.00000  120.00000
    17    12    16    75.00000  120.00000
    19    16    14    35.00000  120.00000
    15    11     9    35.00000  120.00000
     5     1     4    35.00000  120.00000
     8     7     6    35.00000  115.45000
     8     7     3    35.00000  115.45000
    25    22    24    35.00000  130.70000
    27    24    26    35.00000  128.20000
    28    26    23    35.00000  118.90000
PHI
    10    12    16    14   3.62500 -1.0 2.0
    10    12    16    19   3.62500 -1.0 2.0
    10     9     2     1  -0.19450  1.0 1.0
    10     9     2     1   1.00000 -1.0 2.0
    10     9     2     1   0.07450  1.0 3.0
    10     9     2     3   0.04300  1.0 1.0
    10     9     2     3   1.00000 -1.0 2.0
    10     9     2     3   0.22750  1.0 3.0
    12    10     9    11   3.62500 -1.0 2.0
    12    10     9     2   3.62500 -1.0 2.0
    12    16   -14    11   3.62500 -1.0 2.0
    12    16    14    18   3.62500 -1.0 2.0
    16    14    11     9   3.62500 -1.0 2.0
    16    14    11    15   3.62500 -1.0 2.0
    16    14    18    20   0.00000  1.0 1.0
    14    11    -9    10   3.62500 -1.0 2.0
    14    11     9     2   3.62500 -1.0 2.0
    11    14    18    20   0.00000  1.0 1.0
    11     9     2     1  -0.19450  1.0 1.0
    11     9     2     1   1.00000 -1.0 2.0
    11     9     2     1   0.07450  1.0 3.0
    11     9     2     3   0.04300  1.0 1.0
    11     9     2     3   1.00000 -1.0 2.0
    11     9     2     3   0.22750  1.0 3.0
     9    10   -12    16   3.62500 -1.0 2.0
     9    10    12    17   3.62500 -1.0 2.0
     9     2     1     4   3.62500 -1.0 2.0
     9     2     1     5   3.62500 -1.0 2.0
     9     2     3     7   3.62500 -1.0 2.0
     2     1     4     6   3.62500 -1.0 2.0
     2     1     4    21   3.62500 -1.0 2.0
     1     2     3     7   3.62500 -1.0 2.0
     1     4    -6     7   3.62500 -1.0 2.0
     1     4    21    22   1.00000 -1.0 2.0
     1     4    21    23   1.00000 -1.0 2.0
     4    21    22    24   3.62500 -1.0 2.0
     4    21    22    25   3.62500 -1.0 2.0
     4    21    23    26   3.62500 -1.0 2.0
    13    10    12    16   3.62500 -1.0 2.0
    13    10    12    17   3.62500 -1.0 2.0
    13    10     9    11   3.62500 -1.0 2.0
    13    10     9     2   3.62500 -1.0 2.0
     6     4    21    22   1.00000 -1.0 2.0
     6     4    21    23   1.00000 -1.0 2.0
     6     7    -3     2   3.62500 -1.0 2.0
     3     2     1     4   3.62500 -1.0 2.0
     3     2     1     5   3.62500 -1.0 2.0
     3     7    -6     4   3.62500 -1.0 2.0
    21     4     6     7   3.62500 -1.0 2.0
    21    22   -24    26   3.62500 -1.0 2.0
    21    22    24    27   3.62500 -1.0 2.0
    22    21   -23    26   3.62500 -1.0 2.0
    22    24   -26    23   3.62500 -1.0 2.0
    22    24    26    28   3.62500 -1.0 2.0
    24    26   -23    21   3.62500 -1.0 2.0
    23    21   -22    24   3.62500 -1.0 2.0
    23    21    22    25   3.62500 -1.0 2.0
    18    14    11     9   3.62500 -1.0 2.0
    18    14    11    15   3.62500 -1.0 2.0
    17    12    16    14   3.62500 -1.0 2.0
    17    12    16    19   3.62500 -1.0 2.0
    19    16    14    11   3.62500 -1.0 2.0
    19    16    14    18   3.62500 -1.0 2.0
    15    11     9    10   3.62500 -1.0 2.0
    15    11     9     2   3.62500 -1.0 2.0
     5     1     4     6   3.62500 -1.0 2.0
     5     1     4    21   3.62500 -1.0 2.0
     8     7     6     4   3.62500 -1.0 2.0
     8     7     3     2   3.62500 -1.0 2.0
    25    22    24    26   3.62500 -1.0 2.0
    25    22    24    27   3.62500 -1.0 2.0
    27    24    26    23   3.62500 -1.0 2.0
    27    24    26    28   3.62500 -1.0 2.0
    28    26    23    21   3.62500 -1.0 2.0
IPHI
     9    13    10    12   4.00000 -1.0 2.0
    16    17    12    10   4.00000 -1.0 2.0
    14    19    16    12   1.10000 -1.0 2.0
    11    18    14    16   4.00000 -1.0 2.0
     9    15    11    14   1.10000 -1.0 2.0
    11     2     9    10   4.00000 -1.0 2.0
     1     3     2     9   4.00000 -1.0 2.0
     4     5     1     2   1.10000 -1.0 2.0
     6    21     4     1   4.00000 -1.0 2.0
     3     8     7     6   1.10000 -1.0 2.0
    22    23    21     4   4.00000 -1.0 2.0
    24    25    22    21   1.10000 -1.0 2.0
    26    27    24    22   1.10000 -1.0 2.0
    23    28    26    24   1.10000 -1.0 2.0
END
