* LIGAND DATABASE FILE (OPLS2005)
*
AGO      70    73    128    206     373
    1     0 M   C    _C7_     7   27.748928  107.058915   33.065047
    2     1 M   N    _N1_    15    1.349380   31.290854  -89.816126
    3     1 M   O    _O1_    22    1.212410  134.755321  -12.965890
    4     1 M   N    _N3_    23    1.374200   98.036443  139.526332
    5     2 M   CT   _C14    14    1.458310  122.082445  -55.979924
    6     5 M   HC   _H18    53    1.089710  109.496590 -179.994132
    7     5 M   HC   _H19    54    1.090150  109.479320  -60.013272
    8     5 M   HC   _H20    55    1.089620  109.494560   59.987268
    9     4 S   CT   _C8_     8    1.465560  119.199120 -134.551803
   10     9 S   CM   _C9_     9    1.495220  109.387160  -68.795160
   11     9 S   HC   _H10    45    1.089500  109.438080   51.131530
   12     9 S   HC   _H11    46    1.090380  109.448170  171.297350
   13    10 S   CM   _C10    10    1.321030  126.700070 -111.352460
   14    10 S   HC   _H12    47    1.080130  113.289970   68.636350
   15    13 S   CT   _C11    11    1.496210  122.430640 -179.832140
   16    13 S   CT   _C20    24    1.496730  122.997560   -0.172460
   17    15 S   HC   _H13    48    1.089770  109.495950  180.000000
   18    15 S   HC   _H14    49    1.089930  109.499990  -60.031530
   19    15 S   HC   _H15    50    1.090250  109.512360   60.002480
   20    16 S   HC   _H26    61    1.089490  109.501690  180.000000
   21    16 S   HC   _H27    62    1.090000  109.467600  -60.009210
   22    16 S   HC   _H28    63    1.089460  109.513660   59.987650
   23     2 S   CT   _C15    16    1.473470  119.371680  127.591231
   24    23 S   CT   _C1_     1    1.519290  103.440810  118.329250
   25    23 S   CT   _C4_     4    1.516730  118.570080 -119.778978
   26    23 S   HC   _H21    56    1.090360  108.142751    3.758656
   27    24 S   CT   _C2_     2    1.514570  109.045954 -170.155934
   28    24 S   HC   _H1_    36    1.090550  109.437027  -50.445758
   29    24 S   HC   _H2_    37    1.089700  109.450674   70.135971
   30    25 S   CT   _C16    17    1.527786  108.373450 -179.834287
   31    25 S   HC   _H6_    41    1.090400  109.462930   60.866840
   32    25 S   HC   _H7_    42    1.090260  109.435980  -60.520530
   33    27 S   CT   _C3_     3    1.526830  110.950280  -59.354167
   34    27 S   HC   _H3_    38    1.089730  109.449390  179.742063
   35    27 S   HC   _H4_    39    1.089600  109.465660   61.523353
   36    30 S   HC   _H22    57    1.090220  109.432919  179.500397
   37    30 S   HC   _H23    58    1.090340  109.418697  -63.023519
   38    33 S   CA   _C17    18    1.512650  111.090780 -178.068820
   39    33 S   HC   _H5_    40    1.090350  107.477850  -60.713430
   40    38 S   CA   _C18    19    1.383610  120.878210  -48.483670
   41    38 S   CA   _C19    21    1.382780  121.244880  129.745310
   42    40 S   CA   _C5_     5    1.378320  119.052180  179.260070
   43    41 S   CA   _C6_     6    1.379820  118.949560 -179.117510
   44    40 S   HA   _H24    59    1.079670  120.953500   -0.716010
   45    41 S   HA   _H25    60    1.080470  121.044580    0.863210
   46    42 S   NB   _N2_    20    1.332740  123.670730   -0.546440
   47    42 S   HA   _H8_    43    1.080100  119.970570  179.446800
   48    43 S   HA   _H9_    44    1.080660  116.290630 -179.760970
   49     4 S   CA   _C21    25    1.438710  115.841230   86.968157
   50    49 S   CA   _C12    12    1.394440  120.578060   35.089190
   51    49 S   CA   _C30    35    1.394000  119.937890 -144.960850
   52    50 S   CA   _C22    26    1.383320  120.105500 -179.419870
   53    50 S   HA   _H16    51    1.079910  120.008320    0.582150
   54    51 S   CA   _C23    27    1.387230  119.300340 -179.965740
   55    51 S   HA   _H35    70    1.079480  119.979200    0.019780
   56    52 S   CA   _C13    13    1.380800  120.663800   -0.835800
   57    52 S   HA   _H29    64    1.080230  119.990490  179.188430
   58    54 S   OS   _O2_    28    1.388460  120.724030 -179.813370
   59    56 S   HA   _H17    52    1.080180  120.022480 -179.587880
   60    58 S   CA   _C24    29    1.386380  119.520600  -58.053030
   61    60 S   CA   _C25    30    1.381820  119.964320  -47.076700
   62    60 S   CA   _C29    34    1.382890  119.296700  133.174460
   63    61 S   CA   _C26    31    1.382670  119.206390 -179.868780
   64    61 S   HA   _H30    65    1.079490  119.999150    0.134170
   65    62 S   CA   _C28    33    1.382729  119.174136  179.815030
   66    62 S   HA   _H34    69    1.080190  120.020680   -0.189750
   67    63 S   CA   _C27    32    1.375430  120.473930    0.262440
   68    63 S   HA   _H31    66    1.079600  119.985770 -179.753710
   69    65 S   HA   _H33    68    1.080010  119.539208  179.883930
   70    67 S   HA   _H32    67    1.080510  120.006140  179.650010
  18  18   5  15   7   3   2   1  10  13   4   3   9   2   7   6   2
   1   1   2   1   1  14  13  12   6  12   4   3  11   4   3  12
   3   2   3   2  10   2   7   6   5   4   2   2   2   1   1   9
   8   8   6   2   8   2   4   1   8   1   9   8   7   6   2   5
   2   3   1   1   1
    24    23    26    25     2     9    10    50     5     3     4    49    51    11    12     6     7     8
    24    28    29    27    23    26    25    31    32    30     3     4    49     6     7     8     5     9
    23     4    49     5     9
    23     5    49    52    54    51    11    12    14    53    55     9    10    50    13
    24    23    26    25     6     7     8
    23     7     8
    23     8
    23
    10    13    15    50    16    49    51    11    12    14
    11    12    49    13    15    16    14    17    18    19    20    21    22
    12    14    49    13
    14    49    13
    14    15    16    17    18    19    20    21    22
    15    16
    16    17    18    19    20    21    22
    17    18    19    20    21    22
    18    19
    19
     0
    21    22
    22
     0
    24    28    29    27    34    35    30    31    32    26    36    37    33    25
    27    33    25    30    38    28    29    34    35    39    31    32    26
    28    29    27    26    33    39    30    38    31    32    36    37
    28    29    27    31    32    30
    28    29    33    30    38    40    41    34    35    39    36    37
    29    34    35    33
    34    35    33
    34    35    33    39    31    32    38    40    41    36    37
    33    32    36    37
    33    36    37
    34    35    42    43    38    40    41    39    36    37    44    45
    35    39    38
    39    38
    39    37    38
    39    38
    39    40    46    41    47    48    44    45    42    43
    40    41
    46    41    47    44    45    42    43
    44    48    45    42    43    46
    44    43    46    47    48
    45    47    46    48
    47    46
    48    46
    47    48
     0
     0
    52    54    58    51    53    57    55    50    56
    56    52    54    51    53    59    57    55
    53    59    55    52    54    56    58    60
    53    54    58    59    57    56
    57    56
    55    57    58    60    61    62    59    56
    56    58
    57    58    60    59
    59
    59    60    61    63    65    62    64    66
     0
    61    63    67    65    62    64    68    69    66
    63    67    65    62    64    68    70    66
    64    63    67    70    65    69    66
    64    67    65    68    70    69
    68    67
    68    67    70    69    66
    67    69
    68    70    69
    70
    70
     0
NBON
     1   3.7500   0.1050   0.861300   1.9250   1.7000   0.001000000  -0.126889456
     2   3.2500   0.1700  -0.221900   1.8100   1.6000   0.054801302  -1.445846770
     3   2.9600   0.2100  -0.616300   1.5250   1.4250   0.001000000  -1.480495490
     4   3.2500   0.1700  -0.257200   1.8100   1.6000   0.054801302  -1.445846770
     5   3.5000   0.0660  -0.130300   1.9750   1.7500   0.005000000  -0.741685710
     6   2.5000   0.0300   0.060000   1.3810   1.2100   0.008598240   0.268726247
     7   2.5000   0.0300   0.060000   1.3810   1.2100   0.008598240   0.268726247
     8   2.5000   0.0300   0.060000   1.3810   1.2100   0.008598240   0.268726247
     9   3.5000   0.0660  -0.070300   1.9750   1.7500   0.005000000  -0.741685710
    10   3.5500   0.0760  -0.115000   2.0020   1.7750   0.023028004  -0.852763146
    11   2.5000   0.0300   0.060000   1.3810   1.2100   0.008598240   0.268726247
    12   2.5000   0.0300   0.060000   1.3810   1.2100   0.008598240   0.268726247
    13   3.5500   0.0760   0.000000   2.0020   1.7750   0.023028004  -0.852763146
    14   2.4200   0.0300   0.115000   1.4250   1.2500   0.008598240   0.268726247
    15   3.5000   0.0660  -0.180000   1.9750   1.7500   0.005000000  -0.741685710
    16   3.5000   0.0660  -0.180000   1.9750   1.7500   0.005000000  -0.741685710
    17   2.5000   0.0300   0.060000   1.4250   1.2500   0.008598240   0.268726247
    18   2.5000   0.0300   0.060000   1.4250   1.2500   0.008598240   0.268726247
    19   2.5000   0.0300   0.060000   1.4250   1.2500   0.008598240   0.268726247
    20   2.5000   0.0300   0.060000   1.4250   1.2500   0.008598240   0.268726247
    21   2.5000   0.0300   0.060000   1.4250   1.2500   0.008598240   0.268726247
    22   2.5000   0.0300   0.060000   1.4250   1.2500   0.008598240   0.268726247
    23   3.5000   0.0660  -0.010300   1.9750   1.7500   0.005000000  -0.741685710
    24   3.5000   0.0660  -0.120000   1.9750   1.7500   0.005000000  -0.741685710
    25   3.5000   0.0660  -0.120000   1.9750   1.7500   0.005000000  -0.741685710
    26   2.5000   0.0300   0.060000   1.3810   1.2100   0.008598240   0.268726247
    27   3.5000   0.0660  -0.120000   1.9750   1.7500   0.005000000  -0.741685710
    28   2.5000   0.0300   0.060000   1.4250   1.2500   0.008598240   0.268726247
    29   2.5000   0.0300   0.060000   1.4250   1.2500   0.008598240   0.268726247
    30   3.5000   0.0660  -0.120000   1.9750   1.7500   0.005000000  -0.741685710
    31   2.5000   0.0300   0.060000   1.4250   1.2500   0.008598240   0.268726247
    32   2.5000   0.0300   0.060000   1.4250   1.2500   0.008598240   0.268726247
    33   3.5000   0.0660   0.055000   1.9750   1.7500   0.005000000  -0.741685710
    34   2.5000   0.0300   0.060000   1.4250   1.2500   0.008598240   0.268726247
    35   2.5000   0.0300   0.060000   1.4250   1.2500   0.008598240   0.268726247
    36   2.5000   0.0300   0.060000   1.4250   1.2500   0.008598240   0.268726247
    37   2.5000   0.0300   0.060000   1.4250   1.2500   0.008598240   0.268726247
    38   3.5500   0.0700   0.177000   2.5000   1.7750   0.001000000  -0.843144165
    39   2.5000   0.0300   0.060000   1.4250   1.2500   0.008598240   0.268726247
    40   3.5500   0.0700  -0.447000   2.0020   1.7750   0.001000000  -0.843144165
    41   3.5500   0.0700  -0.447000   2.0020   1.7750   0.001000000  -0.843144165
    42   3.5500   0.0700   0.473000   2.0020   1.7750   0.001000000  -0.843144165
    43   3.5500   0.0700   0.473000   2.0020   1.7750   0.001000000  -0.843144165
    44   2.4200   0.0300   0.155000   1.3810   1.2100   0.030040813   0.268726247
    45   2.4200   0.0300   0.155000   1.3810   1.2100   0.030040813   0.268726247
    46   3.2500   0.1700  -0.678000   1.8650   1.6500   0.001000000  -0.511443539
    47   2.4200   0.0300   0.012000   1.3810   1.2100   0.030040813   0.268726247
    48   2.4200   0.0300   0.012000   1.3810   1.2100   0.030040813   0.268726247
    49   3.5500   0.0700   0.085000   2.5000   1.7750   0.001000000  -0.843144165
    50   3.5500   0.0700  -0.115000   2.0020   1.7750   0.001000000  -0.843144165
    51   3.5500   0.0700  -0.115000   2.0020   1.7750   0.001000000  -0.843144165
    52   3.5500   0.0700  -0.115000   2.0020   1.7750   0.001000000  -0.843144165
    53   2.4200   0.0300   0.115000   1.3810   1.2100   0.030040813   0.268726247
    54   3.5500   0.0700   0.085000   2.5000   1.7750   0.001000000  -0.843144165
    55   2.4200   0.0300   0.115000   1.3810   1.2100   0.030040813   0.268726247
    56   3.5500   0.0700  -0.115000   2.0020   1.7750   0.001000000  -0.843144165
    57   2.4200   0.0300   0.115000   1.3810   1.2100   0.030040813   0.268726247
    58   2.9000   0.1400  -0.170000   1.7660   1.5600   0.020110767  -0.896042159
    59   2.4200   0.0300   0.115000   1.3810   1.2100   0.030040813   0.268726247
    60   3.5500   0.0700   0.085000   2.5000   1.7750   0.001000000  -0.843144165
    61   3.5500   0.0700  -0.115000   2.5000   1.7750   0.001000000  -0.843144165
    62   3.5500   0.0700  -0.115000   2.5000   1.7750   0.001000000  -0.843144165
    63   3.5500   0.0700  -0.115000   2.0020   1.7750   0.001000000  -0.843144165
    64   2.4200   0.0300   0.115000   1.3810   1.2100   0.030040813   0.268726247
    65   3.5500   0.0700  -0.115000   2.0020   1.7750   0.001000000  -0.843144165
    66   2.4200   0.0300   0.115000   1.3810   1.2100   0.030040813   0.268726247
    67   3.5500   0.0700  -0.115000   2.0020   1.7750   0.001000000  -0.843144165
    68   2.4200   0.0300   0.115000   1.3810   1.2100   0.030040813   0.268726247
    69   2.4200   0.0300   0.115000   1.3810   1.2100   0.030040813   0.268726247
    70   2.4200   0.0300   0.115000   1.3810   1.2100   0.030040813   0.268726247
BOND
    24    27   268.000  1.529
    24    23   268.000  1.529
    24    28   340.000  1.090
    24    29   340.000  1.090
    27    33   268.000  1.529
    27    34   340.000  1.090
    27    35   340.000  1.090
    33    30   268.000  1.529
    33    38   317.000  1.510
    33    39   340.000  1.090
    25    23   268.000  1.529
    25    30   268.000  1.529
    25    31   340.000  1.090
    25    32   340.000  1.090
    42    40   469.000  1.400
    42    46   483.000  1.339
    42    47   367.000  1.080
    43    46   483.000  1.339
    43    41   469.000  1.400
    43    48   367.000  1.080
     1     2   490.000  1.335
     1     3   570.000  1.229
     1     4   490.000  1.335
     9    10   317.000  1.510
     9     4   337.000  1.449
     9    11   340.000  1.090
     9    12   340.000  1.090
    10    13   549.000  1.340
    10    14   340.000  1.080
    13    15   317.000  1.510
    13    16   317.000  1.510
    15    17   340.000  1.090
    15    18   340.000  1.090
    15    19   340.000  1.090
    50    49   469.000  1.400
    50    52   469.000  1.400
    50    53   367.000  1.080
    56    52   469.000  1.400
    56    54   469.000  1.400
    56    59   367.000  1.080
     5     2   337.000  1.449
     5     6   340.000  1.090
     5     7   340.000  1.090
     5     8   340.000  1.090
     2    23   337.000  1.449
    23    26   340.000  1.090
    30    36   340.000  1.090
    30    37   340.000  1.090
    38    40   469.000  1.400
    38    41   469.000  1.400
    40    44   367.000  1.080
    41    45   367.000  1.080
     4    49   360.000  1.404
    16    20   340.000  1.090
    16    21   340.000  1.090
    16    22   340.000  1.090
    49    51   469.000  1.400
    52    57   367.000  1.080
    54    58   450.000  1.364
    54    51   469.000  1.400
    58    60   450.000  1.364
    60    61   469.000  1.400
    60    62   469.000  1.400
    61    63   469.000  1.400
    61    64   367.000  1.080
    63    67   469.000  1.400
    63    68   367.000  1.080
    67    65   469.000  1.400
    67    70   367.000  1.080
    65    62   469.000  1.400
    65    69   367.000  1.080
    62    66   367.000  1.080
    51    55   367.000  1.080
THET
    27    24    23    58.35000  112.70000
    27    24    28    37.50000  110.70000
    27    24    29    37.50000  110.70000
    23    24    28    37.50000  110.70000
    23    24    29    37.50000  110.70000
    28    24    29    33.00000  107.80000
    24    27    33    58.35000  112.70000
    24    27    34    37.50000  110.70000
    24    27    35    37.50000  110.70000
    33    27    34    37.50000  110.70000
    33    27    35    37.50000  110.70000
    34    27    35    33.00000  107.80000
    27    33    30    58.35000  112.70000
    27    33    38    70.00000  112.17500
    27    33    39    37.50000  110.70000
    30    33    38    70.00000  112.17500
    30    33    39    37.50000  110.70000
    38    33    39    35.00000  109.50000
    23    25    30    58.35000  112.70000
    23    25    31    37.50000  110.70000
    23    25    32    37.50000  110.70000
    30    25    31    37.50000  110.70000
    30    25    32    37.50000  110.70000
    31    25    32    33.00000  107.80000
    40    42    46    70.00000  124.00000
    40    42    47    35.00000  120.00000
    46    42    47    35.00000  116.00000
    46    43    41    70.00000  124.00000
    46    43    48    35.00000  116.00000
    41    43    48    35.00000  120.00000
     2     1     3    80.00000  122.90000
     2     1     4    90.00000  111.91700
     3     1     4    80.00000  122.90000
    10     9     4    75.00000  110.78400
    10     9    11    35.00000  109.50000
    10     9    12    35.00000  109.50000
     4     9    11    35.00000  109.50000
     4     9    12    35.00000  109.50000
    11     9    12    33.00000  107.80000
     9    10    13    70.00000  124.00000
     9    10    14    35.00000  117.00000
    13    10    14    35.00000  120.00000
    10    13    15    70.00000  124.00000
    10    13    16    70.00000  124.00000
    15    13    16    65.00000  117.92700
    13    15    17    35.00000  109.50000
    13    15    18    35.00000  109.50000
    13    15    19    35.00000  109.50000
    17    15    18    33.00000  107.80000
    17    15    19    33.00000  107.80000
    18    15    19    33.00000  107.80000
    49    50    52    63.00000  120.00000
    49    50    53    35.00000  120.00000
    52    50    53    35.00000  120.00000
    52    56    54    63.00000  120.00000
    52    56    59    35.00000  120.00000
    54    56    59    35.00000  120.00000
     2     5     6    35.00000  109.50000
     2     5     7    35.00000  109.50000
     2     5     8    35.00000  109.50000
     6     5     7    33.00000  107.80000
     6     5     8    33.00000  107.80000
     7     5     8    33.00000  107.80000
     1     2     5    50.00000  121.90000
     1     2    23    50.00000  121.90000
     5     2    23    50.00000  118.00000
    24    23    25    58.35000  112.70000
    24    23     2    70.00000  110.72300
    24    23    26    37.50000  110.70000
    25    23     2    70.00000  110.72300
    25    23    26    37.50000  110.70000
     2    23    26    35.00000  109.50000
    33    30    25    58.35000  112.70000
    33    30    36    37.50000  110.70000
    33    30    37    37.50000  110.70000
    25    30    36    37.50000  110.70000
    25    30    37    37.50000  110.70000
    36    30    37    33.00000  107.80000
    33    38    40    70.00000  120.00000
    33    38    41    70.00000  120.00000
    40    38    41    63.00000  120.00000
    42    40    38    63.00000  120.00000
    42    40    44    35.00000  120.00000
    38    40    44    35.00000  120.00000
    42    46    43    70.00000  117.00000
    43    41    38    63.00000  120.00000
    43    41    45    35.00000  120.00000
    38    41    45    35.00000  120.00000
     1     4     9    50.00000  121.90000
     1     4    49    65.00000  121.96500
     9     4    49    70.00000  121.06000
    13    16    20    35.00000  109.50000
    13    16    21    35.00000  109.50000
    13    16    22    35.00000  109.50000
    20    16    21    33.00000  107.80000
    20    16    22    33.00000  107.80000
    21    16    22    33.00000  107.80000
    50    49     4    70.00000  119.01900
    50    49    51    63.00000  120.00000
     4    49    51    70.00000  119.01900
    50    52    56    63.00000  120.00000
    50    52    57    35.00000  120.00000
    56    52    57    35.00000  120.00000
    56    54    58    70.00000  120.00000
    56    54    51    63.00000  120.00000
    58    54    51    70.00000  120.00000
    54    58    60    85.00000  114.70000
    58    60    61    70.00000  120.00000
    58    60    62    70.00000  120.00000
    61    60    62    63.00000  120.00000
    60    61    63    63.00000  120.00000
    60    61    64    35.00000  120.00000
    63    61    64    35.00000  120.00000
    61    63    67    63.00000  120.00000
    61    63    68    35.00000  120.00000
    67    63    68    35.00000  120.00000
    63    67    65    63.00000  120.00000
    63    67    70    35.00000  120.00000
    65    67    70    35.00000  120.00000
    67    65    62    63.00000  120.00000
    67    65    69    35.00000  120.00000
    62    65    69    35.00000  120.00000
    60    62    65    63.00000  120.00000
    60    62    66    35.00000  120.00000
    65    62    66    35.00000  120.00000
    49    51    54    63.00000  120.00000
    49    51    55    35.00000  120.00000
    54    51    55    35.00000  120.00000
PHI
    23    24    27    33   0.56750  1.0 1.0
    23    24    27    33  -0.07550 -1.0 2.0
    23    24    27    33   0.20000  1.0 3.0
    23    24    27    34   0.15000  1.0 3.0
    23    24    27    35   0.15000  1.0 3.0
    28    24    27    33   0.15000  1.0 3.0
    28    24    27    34   0.15000  1.0 3.0
    28    24    27    35   0.15000  1.0 3.0
    29    24    27    33   0.15000  1.0 3.0
    29    24    27    34   0.15000  1.0 3.0
    29    24    27    35   0.15000  1.0 3.0
    27    24    23    25   0.56750  1.0 1.0
    27    24    23    25  -0.07550 -1.0 2.0
    27    24    23    25   0.20000  1.0 3.0
    27    24    23     2  -0.27100  1.0 1.0
    27    24    23     2  -0.01700 -1.0 2.0
    27    24    23     2  -0.48600  1.0 3.0
    27    24    23    26   0.15000  1.0 3.0
    28    24    23    25   0.15000  1.0 3.0
    28    24    23     2   0.15000  1.0 3.0
    28    24    23    26   0.15000  1.0 3.0
    29    24    23    25   0.15000  1.0 3.0
    29    24    23     2   0.15000  1.0 3.0
    29    24    23    26   0.15000  1.0 3.0
    24    27    33    30   0.56750  1.0 1.0
    24    27    33    30  -0.07550 -1.0 2.0
    24    27    33    30   0.20000  1.0 3.0
    24    27    33    38  -0.03700  1.0 1.0
    24    27    33    38   0.37200 -1.0 2.0
    24    27    33    38  -0.47300  1.0 3.0
    24    27    33    39   0.15000  1.0 3.0
    34    27    33    30   0.15000  1.0 3.0
    34    27    33    38   0.43200  1.0 3.0
    34    27    33    39   0.15000  1.0 3.0
    35    27    33    30   0.15000  1.0 3.0
    35    27    33    38   0.43200  1.0 3.0
    35    27    33    39   0.15000  1.0 3.0
    27    33   -30    25   0.56750  1.0 1.0
    27    33   -30    25  -0.07550 -1.0 2.0
    27    33   -30    25   0.20000  1.0 3.0
    27    33    30    36   0.15000  1.0 3.0
    27    33    30    37   0.15000  1.0 3.0
    38    33    30    25  -0.03700  1.0 1.0
    38    33    30    25   0.37200 -1.0 2.0
    38    33    30    25  -0.47300  1.0 3.0
    38    33    30    36   0.43200  1.0 3.0
    38    33    30    37   0.43200  1.0 3.0
    39    33    30    25   0.15000  1.0 3.0
    39    33    30    36   0.15000  1.0 3.0
    39    33    30    37   0.15000  1.0 3.0
    27    33    38    40   0.04150 -1.0 2.0
    27    33    38    41   0.04150 -1.0 2.0
    30    33    38    40   0.04150 -1.0 2.0
    30    33    38    41   0.04150 -1.0 2.0
    39    33    38    40   0.00000  1.0 1.0
    39    33    38    41   0.00000  1.0 1.0
    30    25   -23    24   0.56750  1.0 1.0
    30    25   -23    24  -0.07550 -1.0 2.0
    30    25   -23    24   0.20000  1.0 3.0
    30    25    23     2  -0.27100  1.0 1.0
    30    25    23     2  -0.01700 -1.0 2.0
    30    25    23     2  -0.48600  1.0 3.0
    30    25    23    26   0.15000  1.0 3.0
    31    25    23    24   0.15000  1.0 3.0
    31    25    23     2   0.15000  1.0 3.0
    31    25    23    26   0.15000  1.0 3.0
    32    25    23    24   0.15000  1.0 3.0
    32    25    23     2   0.15000  1.0 3.0
    32    25    23    26   0.15000  1.0 3.0
    23    25   -30    33   0.56750  1.0 1.0
    23    25   -30    33  -0.07550 -1.0 2.0
    23    25   -30    33   0.20000  1.0 3.0
    23    25    30    36   0.15000  1.0 3.0
    23    25    30    37   0.15000  1.0 3.0
    31    25    30    33   0.15000  1.0 3.0
    31    25    30    36   0.15000  1.0 3.0
    31    25    30    37   0.15000  1.0 3.0
    32    25    30    33   0.15000  1.0 3.0
    32    25    30    36   0.15000  1.0 3.0
    32    25    30    37   0.15000  1.0 3.0
    46    42    40    38   3.62500 -1.0 2.0
    46    42    40    44   3.62500 -1.0 2.0
    47    42    40    38   3.62500 -1.0 2.0
    47    42    40    44   3.62500 -1.0 2.0
    40    42    46    43   3.62500 -1.0 2.0
    47    42    46    43   3.62500 -1.0 2.0
    41    43    46    42   3.62500 -1.0 2.0
    48    43    46    42   3.62500 -1.0 2.0
    46    43   -41    38   3.62500 -1.0 2.0
    46    43    41    45   3.62500 -1.0 2.0
    48    43    41    38   3.62500 -1.0 2.0
    48    43    41    45   3.62500 -1.0 2.0
     3     1     2     5   3.04450 -1.0 2.0
     3     1     2    23   3.04450 -1.0 2.0
     4     1     2     5   4.56800  1.0 1.0
     4     1     2     5   1.00000 -1.0 2.0
     4     1     2    23   4.56800  1.0 1.0
     4     1     2    23   1.00000 -1.0 2.0
     2     1     4     9   4.56800  1.0 1.0
     2     1     4     9   1.00000 -1.0 2.0
     2     1     4    49   0.54900  1.0 1.0
     2     1     4    49   1.90750 -1.0 2.0
     3     1     4     9   3.04450 -1.0 2.0
     3     1     4    49   1.00000 -1.0 2.0
     4     9    10    13   0.62150  1.0 1.0
     4     9    10    13   0.42850 -1.0 2.0
     4     9    10    13  -0.68200  1.0 3.0
     4     9    10    14   0.00000  1.0 1.0
    11     9    10    13   0.00000  1.0 1.0
    11     9    10    14   0.33100  1.0 3.0
    12     9    10    13   0.00000  1.0 1.0
    12     9    10    14   0.33100  1.0 3.0
    10     9     4     1  -0.19250  1.0 1.0
    10     9     4     1  -0.00500 -1.0 2.0
    10     9     4     1   0.17000  1.0 3.0
    10     9     4    49   0.17850 -1.0 2.0
    11     9     4     1   0.00000  1.0 1.0
    11     9     4    49   0.00000  1.0 1.0
    12     9     4     1   0.00000  1.0 1.0
    12     9     4    49   0.00000  1.0 1.0
     9    10    13    15   7.00000 -1.0 2.0
     9    10    13    16   7.00000 -1.0 2.0
    14    10    13    15   7.00000 -1.0 2.0
    14    10    13    16   7.00000 -1.0 2.0
    10    13    15    17   0.00000  1.0 1.0
    10    13    15    18   0.00000  1.0 1.0
    10    13    15    19   0.00000  1.0 1.0
    16    13    15    17   0.34800  1.0 3.0
    16    13    15    18   0.34800  1.0 3.0
    16    13    15    19   0.34800  1.0 3.0
    10    13    16    20   0.00000  1.0 1.0
    10    13    16    21   0.00000  1.0 1.0
    10    13    16    22   0.00000  1.0 1.0
    15    13    16    20   0.34800  1.0 3.0
    15    13    16    21   0.34800  1.0 3.0
    15    13    16    22   0.34800  1.0 3.0
    52    50    49     4   3.62500 -1.0 2.0
    52    50    49    51   3.62500 -1.0 2.0
    53    50    49     4   3.62500 -1.0 2.0
    53    50    49    51   3.62500 -1.0 2.0
    49    50    52    56   3.62500 -1.0 2.0
    49    50    52    57   3.62500 -1.0 2.0
    53    50    52    56   3.62500 -1.0 2.0
    53    50    52    57   3.62500 -1.0 2.0
    54    56    52    50   3.62500 -1.0 2.0
    54    56    52    57   3.62500 -1.0 2.0
    59    56    52    50   3.62500 -1.0 2.0
    59    56    52    57   3.62500 -1.0 2.0
    52    56    54    58   3.62500 -1.0 2.0
    52    56   -54    51   3.62500 -1.0 2.0
    59    56    54    58   3.62500 -1.0 2.0
    59    56    54    51   3.62500 -1.0 2.0
     6     5     2     1   0.00000  1.0 1.0
     6     5     2    23   0.00000  1.0 1.0
     7     5     2     1   0.00000  1.0 1.0
     7     5     2    23   0.00000  1.0 1.0
     8     5     2     1   0.00000  1.0 1.0
     8     5     2    23   0.00000  1.0 1.0
     1     2    23    24  -0.43950  1.0 1.0
     1     2    23    24  -0.08100 -1.0 2.0
     1     2    23    24   0.03350  1.0 3.0
     1     2    23    25  -0.43950  1.0 1.0
     1     2    23    25  -0.08100 -1.0 2.0
     1     2    23    25   0.03350  1.0 3.0
     1     2    23    26   0.00000  1.0 1.0
     5     2    23    24   1.95000  1.0 1.0
     5     2    23    24   0.15800 -1.0 2.0
     5     2    23    24   0.05650  1.0 3.0
     5     2    23    24   0.33650 -1.0 4.0
     5     2    23    25   1.95000  1.0 1.0
     5     2    23    25   0.15800 -1.0 2.0
     5     2    23    25   0.05650  1.0 3.0
     5     2    23    25   0.33650 -1.0 4.0
     5     2    23    26   0.00000  1.0 1.0
    33    38    40    42   3.62500 -1.0 2.0
    33    38    40    44   3.62500 -1.0 2.0
    41    38   -40    42   3.62500 -1.0 2.0
    41    38    40    44   3.62500 -1.0 2.0
    33    38    41    43   3.62500 -1.0 2.0
    33    38    41    45   3.62500 -1.0 2.0
    40    38   -41    43   3.62500 -1.0 2.0
    40    38    41    45   3.62500 -1.0 2.0
     1     4    49    50   1.00100  1.0 1.0
     1     4    49    50   1.00000 -1.0 2.0
     1     4    49    51   1.00100  1.0 1.0
     1     4    49    51   1.00000 -1.0 2.0
     9     4    49    50   0.81400  1.0 1.0
     9     4    49    50   1.55550 -1.0 2.0
     9     4    49    51   0.81400  1.0 1.0
     9     4    49    51   1.55550 -1.0 2.0
    50    49   -51    54   3.62500 -1.0 2.0
    50    49    51    55   3.62500 -1.0 2.0
     4    49    51    54   3.62500 -1.0 2.0
     4    49    51    55   3.62500 -1.0 2.0
    56    54    58    60   0.47150 -1.0 2.0
    51    54    58    60   0.47150 -1.0 2.0
    56    54   -51    49   3.62500 -1.0 2.0
    56    54    51    55   3.62500 -1.0 2.0
    58    54    51    49   3.62500 -1.0 2.0
    58    54    51    55   3.62500 -1.0 2.0
    54    58    60    61   0.47150 -1.0 2.0
    54    58    60    62   0.47150 -1.0 2.0
    58    60    61    63   3.62500 -1.0 2.0
    58    60    61    64   3.62500 -1.0 2.0
    62    60    61    63   3.62500 -1.0 2.0
    62    60    61    64   3.62500 -1.0 2.0
    58    60    62    65   3.62500 -1.0 2.0
    58    60    62    66   3.62500 -1.0 2.0
    61    60    62    65   3.62500 -1.0 2.0
    61    60    62    66   3.62500 -1.0 2.0
    60    61    63    67   3.62500 -1.0 2.0
    60    61    63    68   3.62500 -1.0 2.0
    64    61    63    67   3.62500 -1.0 2.0
    64    61    63    68   3.62500 -1.0 2.0
    61    63   -67    65   3.62500 -1.0 2.0
    61    63    67    70   3.62500 -1.0 2.0
    68    63    67    65   3.62500 -1.0 2.0
    68    63    67    70   3.62500 -1.0 2.0
    63    67   -65    62   3.62500 -1.0 2.0
    63    67    65    69   3.62500 -1.0 2.0
    70    67    65    62   3.62500 -1.0 2.0
    70    67    65    69   3.62500 -1.0 2.0
    67    65   -62    60   3.62500 -1.0 2.0
    67    65    62    66   3.62500 -1.0 2.0
    69    65    62    60   3.62500 -1.0 2.0
    69    65    62    66   3.62500 -1.0 2.0
IPHI
    46    47    42    40   1.10000 -1.0 2.0
    41    48    43    46   1.10000 -1.0 2.0
     2     4     1     3  10.50000 -1.0 2.0
     9    14    10    13  15.00000 -1.0 2.0
    15    16    13    10  15.00000 -1.0 2.0
    52    53    50    49   1.10000 -1.0 2.0
    54    59    56    52   1.10000 -1.0 2.0
    23     1     2     5   1.00000 -1.0 2.0
    40    41    38    33   4.00000 -1.0 2.0
    38    44    40    42   1.10000 -1.0 2.0
    38    45    41    43   1.10000 -1.0 2.0
    49     1     4     9   1.00000 -1.0 2.0
     4    51    49    50   4.00000 -1.0 2.0
    56    57    52    50   1.10000 -1.0 2.0
    58    51    54    56   4.00000 -1.0 2.0
    61    62    60    58   4.00000 -1.0 2.0
    63    64    61    60   1.10000 -1.0 2.0
    67    68    63    61   1.10000 -1.0 2.0
    65    70    67    63   1.10000 -1.0 2.0
    62    69    65    67   1.10000 -1.0 2.0
    65    66    62    60   1.10000 -1.0 2.0
    54    55    51    49   1.10000 -1.0 2.0
END
